326
409
905
711
247
699
432
666
3
2
1141
626
286
1005
697
902
841
934
1028
767
1374
1229
1332
1021
1090
552
782
488
15
1247
1214
1261
225
495
754
1125
220
656
1107
339
14
1073
1347
1225
988
716
1146
1065
884
734
322
1072
714
690
56
1201
1111
410
1030
751
728
1221
1407
686
107
1089
588
760
4
1213
1144
605
1052
1200
772
682
1330
1350
764
320
784
140
1402
71
644
785
1137
741
655
1862
1018
412
748
984
738
348
521
991
1056
1277
1410
831
1270
1259
825
7
1258
975
101
706
1112
985
967
1157
1150
401
1579
695
260
704
735
1442
1197
95
1012
1353
1224
746
907
1008
643
1495
710
935
1989
36
1554
1289
981
1080
1025
791
41
939
1055
930
1274
901
787
1472
1226
1385
638
1131
657
439
402
745
1620
423
1255
802
942
331
812
1284
278
544
788
340
55
724
1404
929
1105
974
827
771
832
676
712
188
1198
346
693
1282
762
744
800
852
809
1053
177
1029
1395
839
1475
216
1799
970
1518
1038
1692
733
1569
776
325
563
1351
903
1654
533
598
1509
1246
723
1590
833
5
1346
1202
403
493
1156
933
1302
1075
790
965
660
983
780
989
1106
517
1491
1816
1177
757
1091
766
1223
1461
1291
616
1220
1084
1019
1011
1566
255
1016
509
1401
1900
1010
1429
561
1679
927
828
1426
747
1303
879
549
1430
1086
1212
968
986
872
113
1216
618
696
168
749
1559
756
919
842
742
421
637
768
1240
1159
1542
977
794
932
1425
1826
835
846
304
641
190
773
1558
1543
997
993
1382
880
736
1565
769
565
731
1701
1087
587
1279
333
1948
978
926
675
1576
874
531
1054
1109
685
1124
861
1069
1466
1060
137
869
1778
819
814
98
1068
1505
589
940
1280
795
943
1222
1545
1067
783
2377
82
1836
1479
761
973
1409
848
854
1480
857
1228
1361
755
1406
1586
1371
1575
1682
1474
1328
1058
1176
534
963
816
1513
396
774
789
1779
1940
1136
1253
187
1040
1486
485
1002
845
1024
1081
454
236
508
597
826
546
992
740
1378
781
725
721
713
511
805
662
871
864
758
1032
719
2350
998
1064
1306
980
1437
2039
2353
883
483
579
694
2298
811
298
75
1507
525
570
944
994
577
1450
1405
2320
1015
1203
851
679
246
2029
1076
39
1039
1074
1151
1632
625
1104
1951
1983
850
472
786
982
1099
838
836
775
38
2235
2379
1439
379
1930
536
1083
922
876
1369
840
455
1077
566
72
1290
1501
645
1936
1950
1256
640
1611
1555
707
834
898
324
739
1570
336
211
1412
497
1071
1001
797
1293
1013
873
94
1787
227
242
1078
996
586
847
987
1431
806
897
502
1023
510
2090
799
1007
1348
1551
889
720
664
1514
1846
1036
960
1868
1462
309
1525
715
1313
1955
1967
1367
2065
899
1149
1918
858
1643
79
1676
478
727
1919
1365
1070
1489
491
1436
2076
1553
990
459
1938
594
859
1443
1004
1991
313
867
1126
752
1034
946
1100
818
1499
139
1333
1549
680
887
93
2398
328
569
1859
1552
1538
2239
627
1615
334
1827
817
223
1681
1564
1417
261
1311
1082
941
1364
1079
1215
512
813
1478
2025
1129
1829
548
1037
1714
737
1483
519
1063
1260
730
702
1574
285
2057
888
1312
651
1468
2322
1014
732
1287
1414
1544
2038
1614
856
837
1190
1419
931
1971
2325
1033
1678
1286
824
1199
801
972
1061
1550
763
1434
1522
868
1218
698
1416
849
393
245
821
182
1540
890
1984
1376
870
2402
292
1680
555
430
585
450
1269
1217
1006
646
863
1123
1547
504
1370
829
1446
1027
1230
759
203
866
1476
765
315
449
1204
937
1460
619
415
1187
607
966
2359
804
1685
433
945
1852
691
1721
1934
1297
2332
1589
424
244
1042
1449
314
1003
1275
1465
268
1849
1568
1510
1452
1336
1870
1517
176
1049
332
1548
726
476
1120
1445
886
128
1807
1422
398
1649
397
1901
1295
1530
1767
1521
1487
160
1379
793
515
1596
1248
1709
97
957
1529
1326
792
2394
1128
1154
853
559
1026
1020
1288
807
1536
273
717
976
1178
281
1864
1761
609
803
11
1539
1427
1363
1644
1858
335
2098
808
1160
1195
2563
1121
1562
1580
1048
1386
207
1524
2093
1783
266
154
2069
1186
1398
969
622
1469
201
705
681
1537
1440
1631
1179
542
709
1843
198
1482
1300
936
1148
2201
1227
1130
1503
1305
1683
610
1377
1276
311
1031
2005
628
78
2035
185
1307
591
487
144
1806
1840
1557
1735
1062
677
447
860
1818
418
1372
951
2105
1793
1329
1403
611
214
1470
2202
1825
2110
1298
2030
506
2041
2237
2349
564
553
1572
1481
1952
1782
971
1399
1043
770
1883
1219
1841
1508
1301
1356
537
1110
1985
855
307
663
496
529
1045
999
271
1646
959
1423
1327
1459
1059
1677
777
1497
910
486
1299
477
601
513
471
1035
453
822
1044
143
1448
141
1619
743
347
1661
319
1652
1504
1183
414
184
1837
1828
1571
1968
2303
505
2333
584
287
862
241
62
881
1515
514
466
678
1888
2027
2089
523
865
1115
600
1022
810
796
67
1265
1314
1451
1999
1954
85
844
2033
753
2372
419
31
1500
603
995
133
413
264
1511
1171
1523
2034
1715
1616
557
1567
1471
1209
671
499
64
1108
40
2314
938
1155
60
2364
1978
947
916
2070
962
2074
1322
1597
593
2037
61
460
492
489
429
462
88
270
330
1252
2109
2094
1396
1949
399
917
194
2087
1612
1294
718
1526
349
1180
2097
2092
1415
2400
59
34
583
1585
1976
1467
911
1845
2050
2397
554
1541
2100
843
2362
416
877
1713
2363
1413
779
1017
9
2259
1904
2101
2072
700
729
658
1594
539
1830
2059
1273
1595
659
1851
80
1231
1707
1147
1610
411
1380
2112
1139
1152
1257
1250
2220
1863
1700
1254
494
392
604
538
250
297
1711
1684
1848
2166
1127
1695
438
1520
1935
798
524
1556
345
1145
468
327
212
2046
186
545
484
558
815
1444
2236
632
2088
667
606
1182
1617
49
175
300
608
1528
1138
1839
2079
434
1473
467
1057
633
2384
1990
1210
2108
2081
230
1974
750
1375
1831
1266
2382
1587
2026
111
2082
498
215
446
687
1708
615
1373
356
440
2102
580
703
2004
2018
1304
127
385
2399
2280
12
18
1432
87
1278
374
1716
1969
256
1920
368
2617
2313
670
2311
2319
1368
634
1889
35
1118
387
672
2104
1494
576
2390
582
1729
2389
1674
1694
1188
2345
1686
2238
535
1168
1264
100
522
234
1492
425
1418
350
2042
224
238
1172
465
294
2391
197
275
878
875
2040
150
2376
90
263
1384
463
1098
470
590
1268
480
99
550
1249
473
302
541
1310
1390
25
13
684
1308
924
355
571
620
669
964
2383
1477
1869
213
37
2106
1116
2395
1871
381
950
1972
1512
310
1633
437
1975
1689
507
1184
206
291
1267
692
475
2639
1498
317
378
6
2358
222
364
1884
1629
612
231
630
2060
1158
568
1181
629
595
372
363
1211
395
1196
474
2095
2646
252
464
253
205
1651
192
1050
1939
1973
2023
581
288
1786
1573
631
2591
2845
164
1819
1
312
518
1309
575
599
299
1953
443
445
1766
138
254
352
371
2258
1546
274
2171
405
961
2024
316
1702
1613
2019
279
573
1625
2437
8
277
251
708
435
69
400
2590
1618
526
1408
126
272
428
650
649
1041
196
45
243
2169
1609
293
2299
1604
228
208
1447
448
1381
129
1352
567
560
132
441
42
908
2556
1898
394
527
2378
530
2077
248
1979
50
688
2702
1397
1560
665
2557
86
2396
1970
642
21
1161
520
353
461
2565
918
27
376
89
547
318
51
592
458
210
2017
407
722
617
543
1824
928
1777
92
1656
229
153
556
258
668
388
2203
1185
1237
3448
290
823
91
2551
1808
1318
123
1578
956
1271
574
57
295
1710
20
1000
209
52
1163
1175
2666
602
1809
2449
0
1345
1366
280
920
1592
895
2323
369
156
2048
778
648
979
48
1601
1162
170
482
661
923
17
74
647
233
2636
636
217
375
673
3331
2315
683
303
109
158
469
383
112
572
2068
351
2401
135
58
155
639
1902
32
76
33
2553
596
54
134
257
235
1463
500
701
2552
199
1693
344
2297
624
226
2530
343
159
1847
420
70
47
366
219
1174
1355
1251
130
614
2642
193
2336
2075
1464
540
77
125
653
1690
68
1164
457
1424
391
2056
3412
1744
427
2356
1882
63
96
181
30
108
2295
2414
117
262
232
282
202
296
179
1334
16
2316
1622
269
124
1292
1235
2099
43
152
490
1296
120
479
1433
2014
2421
1387
1982
2257
551
204
169
2015
221
162
1753
373
2061
2671
131
921
44
200
46
2791
2381
2301
306
66
3486
2340
2321
145
652
1956
635
3717
3711
516
1603
2291
2348
1420
2615
361
3635
178
654
3216
2073
1103
2312
237
365
384
2032
382
148
830
1561
259
406
613
2043
81
1335
166
1903
119
195
362
2080
171
1496
2841
2334
2792
163
1393
1563
386
249
893
1383
172
1640
820
2031
2302
894
321
2934
2330
380
118
73
404
19
367
1660
3662
115
2948
105
3480
1009
1748
3032
110
1980
2963
417
305
481
1861
2450
1428
2083
3631
1626
1588
167
3146
1153
1516
426
2044
377
360
2633
23
1860
1337
106
1602
1745
342
2357
623
3276
1885
84
359
2292
2049
2206
183
948
2674
532
2385
2458
689
2675
1780
422
121
189
3578
1046
1493
3639
2635
2208
1977
2327
2388
1600
2672
142
26
1894
114
5477
2614
239
925
2021
1490
3626
2722
1051
2386
2490
3621
2293
136
53
389
2296
2219
503
442
2071
5144
3891
149
1688
2453
2681
2464
2447
501
1389
2680
240
1502
2790
267
2569
1647
3477
1621
1655
2673
2207
65
2119
1627
2170
4762
452
370
621
1628
2329
276
5211
2335
3080
2168
2678
955
3122
1165
2593
22
2991
2576
357
3892
3716
289
3478
456
161
2064
2506
122
2052
2338
358
3431
2016
3612
2086
3513
1624
1591
2504
283
2387
954
2288
2416
2096
5199
2264
3580
2685
3652
1317
173
3147
2949
3637
2641
1421
1281
2703
1835
3046
2331
2347
1905
2472
3746
3079
10
147
562
323
1658
1746
1458
102
2294
3274
308
165
1838
103
24
436
1140
2990
451
5523
1892
2078
157
1943
1394
431
1893
1392
354
2644
28
2392
444
3481
2669
2638
2555
2455
1122
4568
191
3719
1441
2452
2643
2667
3316
2426
1691
2062
528
3633
1167
3656
2415
1797
1657
896
1842
1906
284
2111
3869
1650
5342
2875
4807
2342
2020
174
1435
2908
2393
2794
2036
1822
1886
1712
2173
1263
2701
1391
329
3070
2933
1206
1085
5798
2328
1097
1488
3636
83
1751
2955
2326
1519
2558
2351
953
1047
3634
5602
1316
2918
2337
2028
2758
2053
301
1593
3483
2278
3644
3117
2047
2380
4808
3023
2248
2300
1283
2054
3895
1142
1669
3485
2679
2317
4615
1653
2473
5478
3587
1319
2360
1193
2339
4610
5333
2950
2172
2491
1354
2341
3979
3317
1670
2640
2568
2510
2562
1850
1623
3123
2022
1664
2189
1747
2957
900
5353
2436
4203
2670
4929
146
2645
674
5203
3999
3890
3400
2324
1981
2423
1331
1438
1166
3830
3494
1866
3042
4311
1411
3811
2085
3421
2118
2148
3693
2084
3632
1867
4202
1641
4363
2677
3586
2274
2282
1285
578
1774
3694
2107
2909
2344
4607
2531
3116
1320
3896
1865
4235
3933
4229
3928
4434
4228
3889
4999
3964
2444
3482
5204
4531
2454
338
3670
2668
2616
1672
4398
3224
218
2058
4570
3461
2343
1388
151
2055
4932
2484
2989
3124
904
1599
5688
3109
1343
2529
3382
2956
3691
2477
180
2509
2883
3864
6347
2346
3094
5343
3715
2592
2249
1823
4227
1630
2066
6133
3931
6084
2700
4226
4508
3893
2953
2373
2045
5184
5270
5046
4567
3315
265
3484
3127
4933
2457
4467
3388
4894
2318
2676
1485
3115
4399
5684
3193
3638
2475
5694
4611
1484
2229
2422
3223
3930
4633
5286
4470
2067
1844
1094
1349
3789
3971
5603
2804
5269
3049
2988
2485
2051
4310
1066
3927
2063
3667
4206
906
1192
2233
5257
3929
2954
3422
882
3479
5947
4237
4569
3668
6015
2947
2492
5202
2699
3932
2181
3413
2727
4191
5154
5198
4904
4240
2456
3304
3424
3888
4898
2684
6345
6651
6247
2910
4928
3520
2926
6110
1988
2637
3934
4304
4659
5604
5801
3993
5367
2604
4236
6399
6346
4665
2554
909
3669
4238
337
1805
6989
5080
4007
5341
2778
1937
5098
1817
5288
2451
1506
5685
6037
1720
4901
4095
2874
3795
5622
5693
5332
5668
3671
5687
4697
4613
4201
5102
5781
5962
5865
6713
3016
5722
6748
3092
2375
4876
4323
3324
2091
3414
6161
5589
1119
5860
2545
3438
6943
4926
1400
6235
4727
6344
5463
6506
7000
1659
4560
4051
2446
2448
5268
5795
4326
6426
5815
5700
3894
5285
6959
4317
2103
4316
6501
3924
3474
4397
5296
4459
6936
4234
3991
2476
3776
6671
5957
1143
3093
5696
4266
5863
4771
2227
3310
5737
6237
5885
5509
6389
6984
7049
1207
6921
5485
4128
3363
5686
1947
3459
6737
3676
3255
2200
2647
2146
7102
5939
4379
6727
3245
6386
7092
6749
3010
3769
3177
6659
2920
4718
5008
3860
4751
2977
4431
3828
5392
3714
3353
6039
3709
4840
1101
5789
4871
3293
6612
5450
4532
4789
4940
4854
2650
4391
5081
2286
3526
2847
3340
2270
6586
4597
6822
4700
3898
6009
2834
4664
4208
5949
2612
6137
6141
2467
4248
5630
6206
5601
3702
4477
2743
4484
4149
6447
4284
4741
2941
6467
2728
3119
6680
5325
2783
4682
2798
1637
2585
3168
6907
4590
6858
4487
5117
2431
4909
1170
2665
5014
3825
1722
6425
2686
6437
6780
2698
1717
6298
5039
5705
3298
2232
4663
2199
4439
5809
3912
4863
5871
4791
4387
3937
3732
6482
3790
6038
5699
6099
5680
5770
3533
4605
6617
2999
3800
5893
3501
2154
6684
4215
3368
5513
5778
6910
2997
4029
2596
6335
4865
1770
4689
6730
6904
5151
6493
6081
6635
5964
4752
5529
3623
6554
2896
5857
4223
2465
4230
2878
5218
2693
2815
6175
4623
4989
3945
1169
5773
2945
5733
3906
3065
6804
6185
6911
6592
6061
3735
3366
1994
1642
4954
5381
4558
2560
6299
1687
5393
3989
6458
1896
5635
6515
4046
2305
3498
4196
4247
4806
1910
2496
2753
7105
5724
3974
4792
3605
5260
3502
5148
4923
4777
3503
6811
6757
3488
3275
2195
2570
5934
4873
4360
6869
3387
1741
5480
5605
5348
2594
3801
6883
3073
3354
7093
6836
5095
6368
4918
2138
5877
6415
2277
4441
6016
4370
6116
2629
7055
6905
6268
5314
3573
5828
3334
4109
6485
2746
5875
5331
4737
4150
6882
2882
3014
6621
6048
4307
3110
5500
2733
5459
6284
3600
6500
4759
2212
6215
6472
6412
3227
6709
5419
2800
2242
5981
1134
3727
3471
4478
6036
1095
4834
5210
2230
5692
3951
2116
4869
3128
3542
1802
5075
4375
4683
4604
6424
6705
3145
6884
4214
5484
5882
3955
3530
5176
3977
5455
3720
5999
6722
2143
6072
4005
5883
3867
2144
6421
5894
4471
4153
3104
5138
1811
6853
3114
4267
6942
1775
3460
1719
6566
2827
3783
3650
3203
5294
5904
3874
5615
3453
4723
1241
1958
3757
4014
2759
4911
3265
7004
4440
3419
2442
6211
6281
5673
2191
4764
4189
2697
4341
5889
3797
3540
2441
5838
2922
6661
4148
5038
3040
6779
4814
6584
4702
2007
5746
4979
2502
4906
1723
6946
3207
4188
4891
5670
3150
6889
6632
5829
3383
3579
4072
2418
6157
4673
2739
6790
4329
2987
3938
6451
6510
2771
4512
6886
5145
3594
3851
6711
3427
6784
3045
5043
5866
3659
2127
1784
3604
7007
3268
5472
1733
4093
6583
6142
4200
6334
5318
4305
2940
5289
2566
2403
4350
2224
3466
4704
3708
1926
5408
2925
6547
3199
6337
2598
4845
5007
912
4651
2653
6308
6831
4943
2518
5440
6714
3232
5794
5022
5031
3290
4655
4975
6121
3138
3385
4087
5640
5430
3386
6888
5147
6163
2871
4973
6763
6145
2663
5150
3272
1944
3217
6956
5881
2142
6138
6866
4549
2808
2420
2575
6718
3236
2255
5994
3346
6019
5481
4040
3468
6057
5491
1752
2517
6256
5714
3787
5528
4378
6575
2366
1804
4635
4916
5543
4781
5173
6657
6951
6672
3190
6929
6196
5308
6958
3476
4971
1232
2527
6266
4782
3101
3219
3567
2839
2582
6321
5707
6520
1234
4612
4913
6861
5990
2251
4249
4154
6655
5895
2156
6494
5830
6231
4250
5555
5433
4123
1583
7083
4594
4015
5708
6978
3239
2541
6806
3866
6280
3923
2182
4195
5018
3277
3814
6616
4482
3723
3913
5766
5654
6173
4450
7098
4480
3003
5906
5362
1598
4860
6658
6876
6340
3706
2904
4155
2157
5896
4602
3137
3360
7033
3294
3741
5629
5639
5225
2924
3394
2521
6483
6673
3191
4832
6668
3186
6925
6418
4420
5677
3489
2943
5230
1794
6032
7013
4291
6405
5187
4070
3887
4163
4565
5533
3439
3792
6307
6366
6406
4473
5170
5585
2000
3496
1755
6529
4400
4314
2573
4938
4178
6295
4554
2213
3816
4466
2886
5933
6756
5015
6868
3847
1773
4884
3214
6787
4627
4437
3218
4710
4864
4475
3215
5379
3048
2574
4660
6188
3355
7094
3554
5365
5030
3200
2937
6676
2927
6666
4917
4956
6464
3545
5619
2763
6502
4145
3208
6947
4492
4743
5858
6729
6801
3062
5657
6273
6693
6070
4669
2149
6239
4547
4855
6249
5183
2471
6210
5424
1743
6649
4800
6194
2789
1932
6123
3393
5201
4454
2889
2872
5796
3519
6611
2474
1965
4504
6628
2634
6373
3038
6162
2567
5063
3555
1833
5988
4701
3576
5273
3958
1534
3837
5728
3505
5888
4027
2006
7111
3372
5113
6013
3618
2211
5112
4380
4367
4242
6641
3532
2902
3142
5909
1731
6514
5470
6076
2648
3226
3397
6949
4220
6222
1724
4272
6042
5561
6585
3329
7068
6999
6126
6336
4734
6860
6687
5590
6788
5086
4181
3758
5757
2355
3750
6893
4210
4261
3445
6203
4538
4038
5020
4684
4279
3920
3299
3909
1208
5562
3803
5091
6128
1667
3443
5406
4442
6950
6846
3132
3107
5368
6205
3378
5723
5397
4402
6593
5010
3657
5300
6820
2985
3339
6111
7078
5690
3880
5069
6459
2720
2624
6896
3774
3904
3111
6850
4875
5299
6358
1927
5212
5400
4921
5805
4447
4495
6507
2495
6234
2489
3609
3487
6434
2695
5326
4686
5923
3759
2216
6767
3028
5944
3990
3153
5228
3500
5859
3425
1359
2621
6928
4351
5532
2938
3718
5752
5656
3917
5721
4346
3551
6190
4308
7059
2826
1872
2715
6454
6885
5240
5993
2967
1189
5317
5976
7009
6322
5908
2689
5041
6706
2254
6192
3773
2304
3384
2951
2760
4945
4345
6871
6548
2809
4786
7060
3616
3321
5366
4708
2176
1454
4244
4069
6512
5208
4405
4661
2892
5330
1344
3234
6463
5336
5396
3391
5759
5284
4374
6511
6064
2271
5827
6561
6095
4337
3966
3561
2525
6264
6968
6821
5114
3994
3082
5351
5887
4418
4936
7071
3808
3230
5646
5653
5492
3752
3462
5581
2196
5111
5935
2880
6619
3231
4185
4815
3406
3705
2960
2894
5841
6633
2440
5451
2816
1135
3398
3815
6435
2851
2750
6489
6179
6370
6534
3794
6127
3516
4500
4552
4499
2611
5346
6002
2263
3548
2209
6350
3020
6707
4740
4276
4744
6723
5617
5483
3619
5516
3653
6536
6766
3403
6701
6624
6466
2537
5312
6960
6338
3444
5496
6533
5567
7087
6444
4768
1607
2876
6704
3961
1738
3601
3878
3086
6997
6702
6615
4645
4576
4433
3749
4194
1453
5192
3870
5749
5716
3183
6474
2735
5097
2974
3113
3602
1762
2010
2571
5133
5842
5427
3722
3305
4165
2917
3655
4958
2787
4694
3589
4731
7072
5876
7114
6217
2856
3876
4233
6300
6294
5520
4799
5287
6750
3510
3178
6917
6862
6674
4239
4023
3011
2884
3698
7069
4778
5826
1908
5471
6808
2520
6100
2427
5873
5861
6396
5530
4392
5044
4296
2361
4037
4176
5301
4063
3267
4882
5064
2852
2161
5872
5339
6219
1957
6675
5518
5559
1820
3713
6765
4591
2946
4720
5215
6232
2942
6681
6166
2731
2928
6844
6740
6667
3001
5628
6470
6122
2269
5221
3322
3690
5916
2177
7061
3673
6813
2830
6908
7084
5837
2488
6227
5973
3033
5358
4714
3804
5164
6491
2140
5879
4098
5715
5135
2602
4259
2843
5418
5538
6080
3915
5106
4981
1875
3309
5565
5644
3241
6980
5623
4924
5507
4899
6148
4685
6623
1963
4555
4533
6918
2586
2409
4784
7019
6223
3179
1856
4075
5205
4643
7048
5279
4881
7054
4692
2524
2508
5488
1749
4406
5026
3068
2307
4271
3813
2428
4082
4030
2969
2915
3402
3490
1812
2779
5631
3597
6859
6248
3599
6182
2443
6012
5188
1531
3614
3546
5542
6504
6732
3537
2993
6438
4790
3962
4763
2765
1987
3000
6152
4765
2289
6028
2546
3369
3972
4299
2281
4888
4315
4572
6879
6364
5292
6160
6020
4021
5763
5573
3832
6245
4369
4603
2862
6045
6645
4693
6995
3256
2507
7090
3351
3538
3281
7020
2609
2906
4647
2468
2117
4385
3061
6828
5382
2713
3314
3528
5526
2430
5087
1605
4711
2175
5943
2865
4754
6195
1244
4983
6770
2907
6348
4140
2900
4179
5399
5663
5928
2285
5438
6563
2824
6639
5890
5421
2840
4993
6579
5566
2276
2533
3976
3318
3765
3508
6990
3064
2819
3793
5791
4274
5803
4530
5624
6271
2532
6014
3259
4641
3855
5880
6747
2751
5174
4676
6564
4028
116
3885
3737
5383
6549
5832
3492
5280
3161
2461
3556
3845
6734
5843
6620
5776
3034
5297
4428
3470
1815
3399
6315
6516
2777
4775
6049
3628
3591
5784
5432
6827
3574
3506
3058
4893
5779
1986
5527
3287
6769
2903
6642
6357
3390
6316
2577
6728
6212
5013
5571
6754
3015
3246
6815
4987
1754
4001
6055
2214
4795
3365
7104
3622
3786
3571
6974
5233
4034
2855
4562
4000
2002
5741
3235
6863
3381
5079
6587
5370
3629
3724
5254
6391
6977
2241
4551
1737
5219
6920
3517
6050
5788
4780
6477
4998
4637
4372
6018
3512
6270
6065
5780
4039
7050
3311
6873
3134
5052
6695
6774
6597
5564
3823
6052
4255
4793
2785
6524
6283
4849
6979
4732
3521
6303
3225
2482
6221
2218
3947
2459
2859
2835
3575
6574
4833
2656
6395
1877
4798
3857
7005
3436
5806
5359
4193
5616
4541
5248
3472
1205
2432
4446
4589
1194
4332
4574
1962
5701
3960
2658
4859
6600
2505
3703
5304
6377
4338
4595
2367
4599
4083
5414
4342
4490
4331
4656
5448
3886
6527
2788
3846
3566
6906
4451
5638
7045
3306
5319
5709
4225
3968
5338
6289
3458
4232
5057
3455
4352
6653
2914
2550
3965
2579
6318
5991
2252
1173
6296
4912
4638
3791
5727
5984
2245
2159
3649
5409
2354
5152
3986
2711
2899
5407
4677
6762
5021
1928
3449
4995
4354
6068
6471
4327
4546
2732
3261
3004
6789
3577
6743
3301
1133
3617
6356
6912
6613
5324
4889
4969
3730
5227
3712
4797
2487
4254
5266
5754
3687
5505
2536
6981
4823
6063
6083
4678
5121
5457
4953
3660
4270
2734
6473
4088
1243
5104
3645
6243
2913
3692
6023
2240
3784
6367
5466
4698
3884
3731
1339
3187
4503
1245
1776
4132
1727
4984
5236
3136
3291
3560
3050
6112
6136
1532
915
5271
5131
6302
1881
6887
2131
5410
5870
4666
1821
6552
2813
4948
6902
4747
5402
3821
3564
4313
3678
2231
4019
5760
5489
1663
4359
5053
4801
6542
6799
3060
3916
4425
952
5498
1665
5404
6783
3044
5911
4357
3509
2174
5742
4866
3944
1759
5577
5226
3985
5983
2244
4510
5479
1740
3206
1113
4852
5998
5643
4479
5032
2769
6251
6640
3158
4616
6932
5191
3374
4609
1455
5194
4377
7075
3336
4017
2371
4112
5436
4058
5799
6149
4716
1895
5634
2410
4966
2911
7062
3323
4006
5747
5546
6669
4042
3343
7082
1636
6393
4652
5596
1857
4802
6940
4054
4298
4640
6124
5378
1639
6796
4091
3057
2408
3988
5703
5029
4897
1916
2528
5655
5804
5437
2838
6078
3641
5435
4151
4965
4032
4289
341
4080
3435
3279
5662
6059
3515
1923
4009
1772
4330
5756
1964
3647
4856
4468
4725
7109
6937
3856
4052
2745
6484
3264
3549
2802
29
6541
4325
3426
2965
5969
6397
3167
6053
3726
5189
6324
4060
2786
2958
4745
3052
5771
6518
4268
4994
6927
4444
6343
5632
3013
4169
2122
5493
4985
4927
6054
2761
2114
1673
5730
3429
4573
7015
4674
3562
4031
3348
5068
6679
5334
4419
3320
2572
1092
3325
3908
5328
5445
3840
6775
4295
6558
4839
4303
4053
5130
5501
2438
6857
3074
7099
2370
3222
2013
6665
4464
5850
6819
3834
3658
5035
7080
4596
2470
4002
4186
6648
6360
4691
2404
6220
4757
5834
5811
5954
6297
6965
1718
6708
1874
6446
4004
5376
6556
4810
2781
1238
7039
3376
5891
3664
3371
5807
4980
4625
4412
5391
6610
3899
4788
2767
5845
5783
1315
5914
3409
4288
5610
5582
4003
4748
6388
3192
3550
7024
2705
2708
2247
6849
5361
5672
1696
3440
1638
6159
3071
2434
3590
5579
1662
3948
2587
5901
2150
5792
5903
2870
2543
6319
2605
7030
6030
3251
1890
2726
1340
1726
5813
3684
4654
5337
4333
6408
6567
1648
6420
7057
4050
6573
3031
3615
7073
4336
4522
1796
4147
2773
3166
6964
3210
3957
7047
4535
4104
4118
5084
6703
6341
4668
2797
5364
6837
4548
2162
4978
6208
5735
4117
4920
3756
3451
2493
3788
4946
6171
6848
2723
5444
6086
6745
4709
5140
2627
4521
6087
3333
5060
4143
4842
5452
4525
6966
4874
3627
5439
6276
5259
6660
4396
5802
3415
4497
4134
2736
7051
6599
2923
1736
5006
4738
3043
3918
3608
5930
6313
5627
4931
2413
4534
4746
4649
5926
2273
6726
3881
4895
5120
6314
5320
3603
2262
4557
5955
3285
2608
4166
6001
3606
5938
3454
2850
5171
3375
5667
5394
4020
3733
1887
6117
6390
2309
2542
6010
2919
3854
5123
3120
2287
6376
5272
6793
4628
5222
5072
2807
4968
2603
4997
4139
5447
6430
4204
3677
6115
6505
6353
6818
6605
4967
3442
6170
3992
3877
5442
6479
6891
2513
4836
6381
5910
6287
5345
3686
6710
3157
6969
7095
3253
1931
4256
4878
2215
5474
3035
5570
6601
2205
4883
5249
6499
6431
5088
7101
4265
3850
3266
6301
6867
3125
5290
3467
6716
4729
6325
4090
6333
6967
3760
5971
7044
2964
3359
4404
1914
5395
2916
5869
5186
4340
2975
1732
4335
5554
6963
5197
4964
4426
3025
4705
2795
6069
5725
5959
2973
2583
2823
1907
3447
5810
4170
5515
3751
6329
2704
3418
6630
5712
3858
2483
4423
4796
6172
2687
7018
6686
4642
3181
6939
3522
3417
4076
1834
6204
6854
3648
6998
3296
2867
3405
6225
5761
4502
3900
6807
4048
3536
6739
3164
2762
4059
4629
3630
2167
4049
2810
5844
6452
6961
2742
6167
3069
3699
4675
5674
4974
2581
3072
2460
3613
5758
5867
5129
3357
4947
7089
6176
3598
3233
4518
5739
3039
6523
3861
5090
1088
3922
4146
5390
3152
4222
3026
4717
1798
6607
6625
3172
3395
4794
6139
5551
6638
6026
2499
5584
2654
2846
4293
4539
1996
5919
2861
3262
4339
2803
6812
4474
3129
2891
5344
6253
4144
4585
5216
5856
4462
6840
4524
5625
5405
4469
6764
3907
5310
2853
4758
5637
6825
7079
7032
6924
4283
3286
6025
6962
2228
2842
3469
5000
6113
5676
4787
6700
6004
5354
2994
4187
6954
5626
5239
5510
4991
2768
4321
1323
2267
4688
5588
5958
6135
2692
6132
6177
6476
6199
3242
4977
2352
1239
6428
3663
6792
5586
3284
5849
6228
6631
3812
5327
6733
4260
5506
6260
4498
4774
3680
7070
5695
6521
4218
4353
5255
6753
5252
4173
2163
2976
2659
5048
3017
5558
5729
6209
5508
4183
4056
4414
3240
5689
4583
2755
5839
3568
6717
3165
1915
6073
5036
3778
3182
5898
6993
2796
2696
3721
6455
6656
3211
4617
4343
4152
6930
6664
5980
4861
1698
6404
4561
3392
4349
4773
4257
4935
6899
6985
5385
3817
5454
5975
3464
3416
2221
5316
2657
6044
6935
5925
5517
3610
3326
5426
6252
2125
3078
5124
4065
6411
4680
3238
2961
5720
1785
3212
5054
2818
3327
5878
4819
4285
6449
3903
4129
5755
2549
6448
3308
3188
7064
5753
3839
3518
6909
1768
4114
6213
5790
4141
4820
4449
5185
6604
6591
2435
5372
5614
6323
3087
3744
4135
6986
5892
4494
3345
4843
4724
4292
5912
4079
6238
1608
5213
2134
4955
6643
4529
6274
6881
6983
6246
1325
4432
6744
3432
4108
2966
7025
3565
4961
4614
3493
3879
2820
4092
6091
2129
3170
5291
2651
4835
1813
4776
3154
6517
2939
2137
5671
5854
4816
6443
6944
2588
4858
5475
6654
5620
3559
6108
3748
4749
5989
2498
6699
2905
3953
4110
2306
6922
1790
4622
3465
6413
6528
3967
3499
4381
5028
5071
5357
6538
6738
4543
5115
5237
3396
4273
5207
4805
3163
6569
2601
4362
3818
5945
3437
5163
4621
4389
913
2512
6475
4505
2885
3701
1941
4205
6103
6202
5814
3940
6187
6759
4760
1913
4506
5127
5666
5902
5195
5967
4756
3100
4456
4937
4460
6119
2374
5340
3195
1342
1704
6184
4099
2754
4838
5132
2811
5786
6582
2279
1725
6181
4867
5777
1942
6290
6423
6258
5583
4992
6214
6975
5137
5420
2184
4312
5193
5853
4036
6609
4930
3162
6105
5126
6106
2597
3688
3983
3507
6901
3184
2628
3585
4671
4068
2619
4071
3747
5743
5118
5524
4415
6457
2160
2854
1096
1581
2718
3547
2868
1781
6154
5182
5190
5214
4390
7043
5665
6724
5540
2433
2740
5678
3252
7086
4364
5156
6778
5461
3131
3926
5764
4809
5868
7041
3620
4830
3523
4157
6497
3497
3973
6400
3728
3434
4106
5633
4044
3404
5423
4120
5401
1750
5550
2978
3282
6919
5711
4925
4322
6461
6594
5740
3081
2514
5422
5398
5034
3428
6151
2190
3473
6992
5514
4384
2897
3646
6075
5972
6487
4996
4084
5051
3159
2522
4180
4348
5136
4427
5116
4922
1769
4706
6755
5276
3143
4566
5245
3666
5539
5659
5563
2136
3766
6557
3248
3950
3734
6017
5599
5473
7022
6183
6165
6895
4161
5682
5512
2688
3307
5166
6193
5918
6369
5595
6062
3358
6571
2275
3249
2479
5103
6731
3836
4445
6229
3257
7081
5942
5167
6480
3273
3557
6851
6027
4592
2901
5575
2406
6833
5042
4231
4536
5175
2730
4094
6241
5941
5578
5177
3873
5600
5293
4872
4281
4707
2757
5922
4324
3771
4523
6144
6279
4115
4057
6362
2996
2445
2480
3581
1960
3302
4253
2968
5146
4116
5613
3775
3882
1853
4491
7011
3729
4047
2738
6786
4962
6537
3095
1803
6422
6275
6913
5997
6987
5329
2610
4496
4182
3672
3075
3785
2655
5978
1739
3689
6033
6056
1993
5258
2890
6129
3819
6646
5874
6803
5040
3592
3244
7096
2972
1788
3761
4870
4766
7108
6005
4177
6590
3280
5224
6432
4728
6262
6798
3027
5049
7036
5636
3527
5033
6555
4601
4130
7046
2534
5134
3083
2210
6156
4672
2979
2584
4890
4010
6469
5082
5921
6293
3651
1899
4825
6817
1236
5434
5560
5851
6216
4831
5012
4443
5831
3824
6760
1757
5713
949
4113
1191
1357
4951
5070
1457
3511
1242
6191
4972
6973
5217
4540
3036
4846
3982
5413
5503
5772
6409
5110
3843
6351
5056
5952
2748
6810
3373
5335
5265
4126
2121
4942
3189
6131
7113
5476
5061
5107
3865
3827
2186
1132
1527
3185
5574
5092
4062
4908
3625
4064
7097
2419
3770
6079
3169
3848
3370
3041
4896
3475
4142
2828
6742
2775
3844
6096
7008
6492
1933
4588
4828
4769
4159
6285
6926
5108
4580
7001
5027
4127
6098
3539
6570
4679
2887
6736
4976
5347
3389
5487
4527
2223
2268
6970
7085
7002
6035
7042
5242
5953
4712
6685
5168
5597
2971
6200
6952
4715
4736
4742
2931
4648
7016
4465
5356
3047
6398
4125
2860
2003
3996
5710
4174
5101
5369
6690
6445
6531
4750
914
4175
5745
6781
5403
5924
5963
4424
6007
104
3998
5464
6402
1929
3133
5349
3624
1699
4190
2535
2729
5096
4632
4813
5683
6427
4097
7037
2012
4055
5884
3335
2912
6498
6945
2921
5691
3005
3097
3377
3009
5157
4452
5905
2737
6088
4458
4435
6272
4847
1992
6897
5078
5552
4721
3130
3914
6578
3006
6495
3697
6233
6134
4696
5915
6953
1734
6375
5058
3066
3725
5250
2115
4990
3799
6560
5744
2152
4100
3341
5234
5797
6410
4361
4509
2589
6550
4376
6677
6003
3446
1262
4409
5762
3330
5598
5495
3875
5494
4949
6374
6143
4646
4197
6371
4563
6450
5016
1873
6244
5726
1358
5572
6440
6678
6694
2877
5142
3297
6093
3051
5785
2662
4403
5819
6468
5580
6342
1728
5467
6230
5004
3176
6401
5848
6712
4868
6352
6114
4630
891
3544
2226
5965
5073
5005
6746
3007
3739
3126
2869
6608
1635
5374
6814
5664
2661
5003
5161
4368
4111
3379
1645
3949
6074
5658
6622
3054
5645
5388
3139
6878
6525
2411
2981
6720
3303
4448
885
4624
3491
4690
6688
4593
6627
2888
5267
5178
2516
1925
2829
6568
1912
3833
2126
5238
2511
6250
5158
4670
6255
4514
6240
2501
5380
5389
5085
6378
3806
2707
5002
4619
4914
6104
2253
4356
4275
5836
3319
7058
2717
5817
5181
5428
7106
3367
5765
6923
3441
5179
6496
5852
2113
3063
1800
7023
3798
6407
1705
2135
2538
6277
6545
6802
5037
4410
2770
6509
6101
5587
2710
3852
7056
3288
7027
5416
3905
5411
4739
3745
5486
6838
3356
6465
4735
6082
2164
3456
3980
4841
1102
4887
1730
5469
4822
2145
5209
1758
6328
4907
5247
5504
1765
4138
3925
4263
6153
5497
3902
4436
2866
4026
6721
2982
2992
5278
1855
5931
2192
7065
4278
4880
5282
6109
4373
3584
4513
5490
6830
7107
5793
6006
3707
6305
2984
6043
6040
6900
4481
3743
4811
5704
3270
3534
6419
6839
3975
6490
5950
2825
6877
4598
2234
2310
7076
6972
6066
4753
4783
1961
5767
6158
6508
5172
5283
4264
3089
5719
4306
4422
5055
5769
3642
5011
3055
2744
6715
3919
5974
6916
2139
6768
2595
6771
6741
6794
4944
5521
4245
5960
2494
1789
6416
3067
2822
4286
3835
6823
3738
4309
3572
6354
4761
3118
4382
5089
5281
4959
3338
6092
4160
4703
5987
5386
3946
3853
6365
2626
7077
6880
5823
6041
5093
6589
4939
4251
5231
4221
6553
2814
5661
5553
1814
2290
5936
2197
3337
6855
3452
4658
3361
2217
5847
4571
3202
6941
5200
1763
5502
4699
3292
1272
5718
4241
4581
6650
3514
2265
5377
6306
2752
4393
5702
3762
5315
4213
5996
6261
3250
5141
4515
1362
5900
6090
1795
5956
4472
3569
2308
3863
5159
5165
3764
5429
5534
3541
6383
4634
3283
7112
5446
3681
2944
6683
6931
3423
1535
5608
4124
4164
6022
2832
2266
5748
6000
2261
2547
6286
3531
5017
2519
5669
5412
6201
7021
5076
6955
6218
3254
6637
4008
5822
4081
7028
3289
4355
5153
6894
3155
2898
7103
5256
5099
6120
4074
5302
4817
5074
4713
3987
3809
4639
6011
2272
4519
4803
6544
1321
1959
5698
1634
5373
4013
6380
5751
6320
4579
1921
5660
5917
2178
3780
2837
7067
3364
5105
6414
2193
5932
4636
6634
2895
3247
5835
3695
4844
3103
5717
3901
4829
4388
3504
5568
5311
6155
6596
4837
3362
6304
2187
3174
4915
6242
4501
5453
2600
6339
3096
2857
4851
2198
5937
3838
7063
3278
7017
6486
2747
5100
3862
4119
4457
2716
4644
4687
4430
4171
6841
3102
4488
6776
3037
3582
5995
2405
5253
1771
6349
4608
6835
6278
5499
1760
3090
6829
3347
6441
5621
2147
5886
2539
6332
6847
3108
2952
6691
6948
3209
5160
6644
7088
3349
4137
1854
3595
4885
6626
6254
2515
6224
6735
5251
5556
2222
4394
5833
5899
2417
2774
6513
4772
6809
3710
4334
2721
2622
6361
2879
4386
3807
3675
3981
4167
6832
3350
4970
4620
6460
5816
6898
3802
5800
6164
2425
4121
2123
5862
4650
3754
6662
5940
5229
4511
1810
5549
6816
3077
6559
4408
4853
2429
6168
3196
6752
3820
4077
5818
4365
4411
3956
6751
3269
5139
6291
6692
3742
4012
3106
6588
4417
3012
6174
3941
6551
2812
4553
4035
4575
2158
5897
4156
2243
4631
892
6021
5143
5774
4489
5321
1879
5618
5982
5522
5350
3352
7091
4101
6761
4559
3243
6982
4879
4824
5077
5050
4653
6326
4168
5652
3911
3098
2863
7010
3271
6791
1338
3943
1945
1584
4952
5415
3995
1997
5736
3997
3736
5961
4507
6125
4544
2439
4516
2864
6603
5734
1995
7034
2749
6488
4328
3135
6874
6540
2801
4542
5609
3969
2578
2011
2980
6719
6976
3237
5235
3312
2246
5985
6060
5750
3558
2497
6236
5449
5706
5612
5650
5907
3822
5306
6403
3295
4528
4785
6269
5535
6107
2368
1792
5531
2664
1117
4919
6379
6636
3175
6914
6433
2694
4136
3935
4192
3831
3841
6915
5062
2486
6996
4577
4089
5322
5246
3332
4600
5023
4366
6565
5109
5855
3149
5545
6130
3683
3263
4172
6071
1114
4041
4061
6417
3380
6146
4821
3141
6310
2962
4207
4300
5371
4219
2836
6539
4383
1606
3344
6207
2623
2462
6178
4269
1946
2183
5059
3258
2185
5519
6647
4371
6865
4085
5913
2132
4224
3463
3535
4606
2180
2365
1764
1324
4297
4122
5277
2165
6102
3140
6481
4618
5576
4318
4103
4850
3411
4517
6034
3198
4767
5482
3229
4319
3085
6282
6311
2805
6842
4184
5275
4986
5066
6576
1703
3407
2141
4133
2821
4212
3204
5180
5541
6257
6031
3430
3767
4401
1233
2469
5544
4086
6652
5591
2632
5162
2858
6169
2806
3679
1671
6938
2620
7012
6530
4294
6618
6689
4910
4857
1577
4209
3084
6903
6197
5511
2799
4520
1891
6372
2369
5593
3859
6046
6805
2503
6522
3643
4198
7029
3954
6263
5223
4812
5979
6971
5125
4011
6077
5261
1341
4301
4886
3696
2817
5375
3091
5557
4877
6562
6312
2155
4107
6870
6580
3782
4102
2526
2463
3300
6682
5812
6852
1966
1456
6824
4045
4016
4216
4584
4733
6180
1909
6051
3105
2995
3942
4211
3871
3433
4934
6800
3842
3180
1924
3753
1897
7040
2724
4066
4290
2930
3076
2690
3151
2683
2179
7053
7066
3019
3984
2959
3053
6797
2481
2986
4804
2618
2712
5363
4587
5787
6535
3495
2983
4407
4662
4905
4681
4395
2133
7003
5045
5274
6670
3772
5547
3810
7110
4556
1878
5607
5431
5298
5840
6957
6317
4493
3450
3910
3056
4358
2831
408
3593
3401
4941
2844
5352
2008
4252
4770
2772
6436
3963
2284
3872
3779
3674
3018
2523
4486
1533
4582
2631
2128
3099
3829
6892
1917
3978
2714
6189
5775
7014
5323
6029
1998
1832
4960
6546
5606
3197
3740
5122
1706
4892
6453
6934
5642
6994
6988
2250
5679
3144
5465
4262
7026
6382
5681
6614
4258
5387
3059
3654
2606
4476
3213
4073
6532
6085
6140
6359
2691
5675
6697
6067
1360
5697
3408
6478
2970
3952
2540
4537
6526
6772
4282
4287
4719
5462
5196
6872
5782
2652
4320
5169
2478
2151
3088
6598
6843
3313
2932
7052
4438
6782
3008
5305
5025
4105
3640
6698
7006
3570
2782
5065
4096
4453
5206
5846
4162
2719
5244
5456
5992
4429
2881
3543
4578
4243
390
5295
6327
2580
6058
3700
2412
2009
2124
5024
6387
2260
6089
5948
2500
5548
1791
6118
6991
3457
3685
5824
5768
2607
3704
5241
4726
2784
3959
5262
1697
4818
3596
1876
6890
3868
4131
4344
6864
4657
5647
2548
6355
5441
2793
2407
3849
5920
4078
6581
4950
5155
5821
1582
2120
2599
2741
5569
4067
5094
6150
5738
5986
3201
6826
4695
6795
6439
6503
6758
4246
4158
3682
6577
5731
3661
6394
5001
7035
6024
5732
5047
6519
1668
6385
5825
6198
7100
4024
6663
2764
5648
2756
5360
5384
3328
4483
4018
6696
6845
2194
3796
4347
6147
4988
4421
6773
2929
5808
2625
4586
3260
6097
3194
6309
6330
3805
5460
3883
1911
2833
6777
3002
3826
3755
5019
5443
2283
2935
3021
4217
5536
4626
6456
6047
4722
5119
6186
7074
3171
2564
6785
7038
5820
6384
3583
5929
4485
5525
4277
3563
4545
6602
5067
6363
3420
4963
2649
2725
3156
5592
4902
4526
6392
4550
5970
3221
4826
4779
2873
3921
2849
2153
3897
5303
4455
3552
3939
1756
6725
2766
3525
4755
2130
6462
2848
5264
5946
6094
6606
1742
6288
1880
6572
2613
3768
6226
6259
2559
3524
5977
3220
1093
3611
4957
6292
2188
3553
2204
3030
2424
5083
3763
1675
5966
4199
3777
4280
5313
3112
5309
3970
1801
2893
3607
5649
2561
3148
5425
3029
2936
5611
4022
5968
4043
4848
5355
4862
3665
4903
3160
2256
7031
3410
3205
2780
2998
6429
5128
6629
2709
4730
4033
2682
5468
2660
4302
6834
5594
958
2466
5232
6543
4025
3588
4461
4667
2001
5537
4827
5651
4564
3022
5927
3781
5951
6008
2706
2225
5458
4982
5243
5417
3228
1666
3936
4416
6595
4463
5149
3342
5641
6267
4900
5263
1922
5009
2776
6331
3529
5220
6265
3121
2630
3173
4413
5307
6875
6442
6856
6933
3024
2544
5864
