101
295
279
103
77
72
296
288
265
100
159
285
1284
282
275
302
263
262
269
300
301
303
221
267
277
259
261
280
297
294
264
299
290
273
284
278
292
577
291
286
276
270
266
293
289
274
283
1037
545
271
1278
260
1279
1266
1271
1265
1295
1269
1290
1264
1288
1296
1267
1289
1283
1272
1273
1263
1276
1282
1298
1287
1277
1303
244
792
108
4032
3137
1931
1291
4020
658
4014
1286
4025
4035
4040
4019
4017
4022
1301
4026
4030
4015
628
4041
4021
4039
4033
4046
4034
4038
4024
4018
4044
4029
4045
11
4031
4036
4013
4037
4027
4016
4023
4043
4028
1292
4042
186
346
1285
689
1300
1280
1270
1294
1274
1733
41
53
1293
73
1275
363
76
1299
306
1268
1281
102
3736
365
67
256
524
207
1243
20
3100
252
789
450
1079
369
1032
1091
253
92
230
241
322
343
375
457
1088
2223
396
84
70
1066
984
465
16
3754
2774
418
2137
543
31
2009
532
2065
3801
398
3749
3823
3806
3812
3821
3818
3819
3804
3803
3755
2029
3815
3814
3752
3761
3813
3744
3809
3739
3743
3810
3817
680
746
3741
3745
3740
3808
45
3820
3816
3811
49
3807
3747
3802
3756
3750
3805
3822
3748
44
683
315
353
359
81
240
1515
104
370
499
325
979
350
82
1620
147
3746
1371
258
3759
848
1040
3753
19
3758
154
1233
538
1937
1942
1936
333
757
1939
1948
1947
1940
1938
818
1934
1941
2935
1943
146
1933
27
1945
89
1935
1946
83
504
954
1949
1944
1636
606
1070
968
2182
123
3742
1011
776
1407
685
3600
615
245
419
467
3760
1320
1818
390
160
228
3290
2138
119
558
988
397
1564
882
2299
2642
149
3087
36
148
547
118
1922
251
1082
15
675
929
3037
1926
502
1927
495
1928
6
1920
1930
497
511
541
1919
376
1925
68
588
880
506
508
1917
1918
1921
452
417
1069
1929
1924
1923
1932
526
1399
501
1118
1572
1370
507
1916
4833
308
4826
40
825
4825
569
48
4525
464
523
1642
1426
135
578
399
972
429
4829
355
437
4830
533
1731
3738
214
4516
3659
494
808
758
4514
2949
4523
3655
744
74
4526
4515
3653
874
4521
448
1056
4517
2020
440
4522
4513
620
4512
2131
698
2822
3610
498
352
3606
254
4524
4518
374
4519
1804
749
1176
4520
1009
622
1137
996
3656
1019
91
2638
1583
2653
2646
690
614
2651
250
345
1001
1026
651
2643
773
2654
2280
2641
2644
2645
2639
2652
3291
2647
1092
536
1552
2244
914
2455
522
23
316
1023
97
3292
2649
3554
3598
3608
2156
3603
177
4141
1218
32
2013
1242
1909
473
1629
90
1858
1901
923
388
1832
79
4
686
980
942
965
610
3599
1567
1718
3604
242
96
2596
3607
975
227
2177
876
517
3135
2501
3601
2730
3605
3230
767
410
3609
491
2507
1831
525
1562
1410
412
167
2260
232
1472
3141
1559
2532
1085
973
459
1811
691
753
1775
176
704
2062
2276
24
609
236
2274
599
225
165
985
2545
1075
213
1029
1794
1039
387
913
1036
161
1599
243
1717
191
475
733
1584
181
748
1173
503
2610
80
4828
2180
238
1776
1825
2506
124
3161
2234
860
712
643
4832
711
1525
4824
981
1750
884
656
575
174
4827
3496
463
1884
3999
197
1228
163
1356
25
1622
3657
1315
1360
349
249
623
3662
2543
799
366
1991
1538
2802
145
248
485
731
3663
3661
3247
255
4831
3654
627
1902
1686
3229
226
1476
4001
881
1378
1557
1701
1117
190
1144
665
2512
1132
1089
193
647
2612
612
3534
581
2310
4834
774
4838
3666
1093
926
1068
917
162
1598
1076
1071
1074
949
1785
582
4837
1178
3362
752
3056
1345
1495
940
2025
857
439
3997
425
664
1237
4835
443
598
3048
3140
3165
810
708
946
480
1470
43
548
2771
3637
4836
3308
5
1321
2398
2401
983
697
1161
2140
13
1482
571
204
1060
1597
2472
840
851
143
215
1158
2408
861
863
1796
3737
2360
229
2237
1081
2377
974
4350
2133
1148
86
150
1593
1103
3210
1067
1028
2598
630
928
4993
2597
401
1446
87
4995
1845
724
1888
515
1704
1886
1805
436
156
2790
98
719
1119
1080
2595
2599
1790
539
69
1911
505
2531
4223
4991
324
75
402
403
2513
1713
3211
2939
1702
4992
550
934
845
3301
1442
1705
935
4996
111
1808
4989
3893
3044
540
196
1740
1098
850
1153
2523
1114
699
2515
231
1523
999
500
71
54
2662
2524
633
431
903
1035
3547
2066
2525
2457
4990
42
1369
3673
2640
587
1120
1352
1912
3622
772
3182
512
2758
4261
3560
555
927
0
593
635
2033
1015
510
239
1323
380
4145
4994
3164
3556
1815
2390
971
2491
441
2861
2135
671
805
1380
2026
1440
529
3562
378
3007
879
1154
3559
2711
2281
1634
2495
3565
693
1090
3003
2315
341
3163
3564
687
1234
2210
1531
1215
2945
908
373
1611
3089
567
2936
3557
33
544
3781
754
613
783
1235
1358
1632
3558
347
3555
93
3561
203
3009
3478
2895
1869
2759
3006
1829
340
3004
9
1332
1455
4609
17
3634
1581
570
3045
152
2141
1251
3026
2414
1177
2469
3105
1030
572
2683
2620
702
530
2262
564
490
1031
209
1576
2623
224
1864
3535
3166
2773
1807
2314
3563
2337
3553
1736
1450
3010
1757
3552
468
3139
2375
1394
3798
3551
3440
1558
822
432
793
2803
849
3047
2517
1484
3050
222
4392
338
1627
1200
1372
1437
1439
945
4593
219
2044
1100
1331
2304
3081
2103
2511
1373
3550
883
408
1786
3880
2372
4150
1355
2450
1545
95
1819
1111
2752
1469
47
400
3586
37
1180
4373
1155
4578
943
621
4592
589
514
1229
2400
1217
12
3411
2908
714
3162
2199
4357
618
527
187
3293
1110
742
2091
1820
1435
3847
212
2343
358
2896
2866
3052
672
2195
342
1254
304
871
864
3925
4237
2031
334
3294
3167
1174
734
1171
384
3591
1855
1073
1083
1554
2528
820
535
2061
169
1728
1095
4595
707
3549
729
3882
438
2664
1436
3095
4596
3168
1637
1569
3057
1413
1670
2193
3876
855
1333
992
132
2105
320
919
1904
659
1041
55
3794
2679
211
2609
534
616
1024
3594
1438
3548
4594
128
2001
392
2243
2932
542
4344
2027
2625
3208
976
3723
796
1329
1493
1337
2179
3394
5141
1760
726
1309
3395
590
3287
2494
2831
2984
1317
2632
692
2875
3172
2047
2559
1204
2301
1719
1779
1530
1052
4347
2298
2560
631
1573
413
549
2291
893
1555
420
319
311
2780
2624
944
649
3772
5147
4063
4355
941
611
3340
1724
2048
1843
1524
3530
2673
1504
1334
3142
114
1017
885
755
1588
2496
931
1481
4345
34
2439
1160
546
3209
2261
1072
2123
3119
2992
1821
393
1954
4352
2028
955
2920
4194
1609
3878
1990
3331
2440
1534
1156
1313
62
137
2721
88
760
60
2196
674
2197
4611
1607
2209
910
1879
2884
1505
3155
5143
430
4351
723
3459
394
1310
1962
2557
3439
4346
592
1252
866
3883
3487
591
3985
1478
1896
1159
1957
625
3719
3427
5144
886
4383
644
1661
4354
3984
2348
2300
1508
958
4406
2229
1168
362
1339
1013
1122
2536
2505
1972
50
5145
2311
2241
1746
1044
194
2419
1020
113
2016
2768
4343
3733
3633
1975
234
1499
961
1175
5142
5146
1734
1146
858
619
560
1623
2603
4706
768
2909
2273
1157
528
1838
4613
1347
3092
3688
298
1365
3877
4143
1096
1388
2003
3879
4588
2737
1318
1862
3799
4348
978
3690
1768
4394
3276
4919
5221
2979
1305
1587
3720
3543
462
841
2389
5224
1565
1580
1518
4584
669
5112
2438
377
1753
806
1827
3897
3024
1723
782
5226
3785
1307
1042
1666
2873
4227
1045
171
1248
61
5113
1898
3525
909
3458
2732
1325
5222
3334
4116
3267
809
3199
759
210
2879
642
2332
1016
1643
3397
2387
3915
2144
4684
4086
4579
4580
361
1362
2381
2302
2808
2019
5114
937
872
2694
1210
4692
1302
5041
3995
2254
634
2911
1163
2127
2601
1453
1
4583
1219
141
1475
1981
1590
1570
3994
2021
4419
3086
2145
1182
454
5025
257
5115
1099
2812
668
962
4198
873
202
1589
2804
3509
1735
516
2217
1751
4582
2015
963
1517
336
157
2665
4899
318
2349
139
1992
5225
1057
2744
2921
3539
3055
189
1522
2764
1038
3635
335
4002
4695
3964
3734
2475
1956
1867
4364
1903
3463
816
3960
1192
4393
4136
1194
447
605
2731
1900
2714
1186
470
1326
3513
509
2336
2767
1511
2734
756
5117
2811
2165
1061
960
344
2748
3891
3540
3198
2259
1560
4608
3694
3274
3175
2345
1548
391
1987
1897
1198
371
2454
1797
1462
78
4003
3207
2810
3343
1402
1382
1145
2886
1895
3122
2854
2008
1586
3413
3
1774
3537
977
1238
1752
2923
1649
1179
2575
2184
5116
127
3233
1754
1257
1887
1591
453
1397
2806
4863
2227
3407
3528
2017
600
1203
2392
554
1395
5223
2678
715
2356
166
2426
314
3288
3996
1354
2846
2447
709
1134
2126
1376
1890
745
1428
2848
3016
2894
1043
446
2034
3153
2723
3489
925
1322
4000
2111
1891
1698
865
3461
3498
854
2542
2303
3385
2107
3998
3084
4128
4742
3664
1721
1502
3722
3727
2671
2791
1048
1033
877
2114
4505
3507
4841
29
2239
2876
3870
2735
3701
3145
3251
2672
2364
477
2838
458
694
3339
451
385
2969
4291
3353
1311
4301
2471
1340
562
4308
3381
2490
2928
2508
1650
1621
3114
1319
1638
170
2860
3054
1881
312
1419
3275
1744
2600
1596
4778
827
310
3356
1767
2421
3231
663
201
920
1222
4699
2674
3510
1220
3619
4412
904
3379
2456
1084
2268
3660
456
2361
887
3546
3691
469
4763
1826
1306
1170
1348
3378
4951
3414
1619
1216
1830
3277
3482
1741
4765
1836
3828
2422
842
2889
2658
2753
3845
5026
26
2850
2418
2956
2459
3227
4636
4913
3724
1546
2070
2828
2577
4142
856
1802
2432
2399
4149
3319
2309
916
4188
307
4310
2933
2900
725
4147
735
2441
4148
2082
4842
2629
1875
3735
4920
1151
3354
2689
938
1720
3693
3502
2675
4865
3504
3871
2997
2232
932
2630
2042
1232
905
3714
4131
918
3415
4874
1506
1745
991
650
4840
4864
4817
1304
2519
967
3838
99
4914
2621
1486
3377
3005
561
662
2362
4197
3658
4910
2417
1800
1605
2593
3023
3695
4612
2676
2238
3462
2437
3429
2520
2164
2192
4376
122
2750
4100
813
1633
2747
1507
8
1758
4804
4815
1308
1004
779
537
2666
4385
2088
1859
2079
3196
1618
3618
1877
3592
2397
4151
182
1002
790
205
3944
823
3678
2231
1678
2473
701
1527
3935
4911
2582
2404
4177
915
2191
3246
1138
1512
4766
2405
2972
4839
3934
1899
1551
4374
2874
4130
1458
1993
2240
4405
1610
57
1261
3008
1860
63
1541
3249
153
2782
2929
2067
1483
3393
3248
406
472
140
2667
2633
2326
4235
466
3243
168
3121
785
1654
4129
3273
3665
3148
4667
2915
1889
2058
247
287
1479
2124
3226
188
4818
1485
354
3933
3579
4225
4923
3978
4954
1687
1680
1221
4921
2763
35
1872
3215
3721
4660
4617
4070
2715
2967
1324
4422
3012
2458
4264
2373
3307
3412
3499
1679
3967
520
3384
3932
1799
85
281
4764
2845
2975
105
1456
2463
4922
4152
846
3464
2970
2631
1533
449
3359
3829
1516
2897
3973
3751
321
3252
2973
339
356
1424
844
4861
2190
3428
2529
2018
4065
4767
1798
1256
2041
3053
3392
1480
3417
2484
1543
800
1840
3620
1822
2934
2893
1801
3613
1675
3030
2849
2821
4843
2681
3171
4862
4819
4953
3228
1007
2393
3580
4820
2795
736
1828
1401
3046
3872
2718
4144
4697
2486
3380
788
2118
2891
852
2228
1393
2344
2420
4666
2518
4912
990
117
1778
1537
3830
652
2940
1652
1509
1244
1861
1635
1058
1885
3138
4202
1391
1980
2659
1008
3170
2878
2383
1813
1612
3082
1417
4816
2106
2749
4955
3898
5024
2588
3869
2516
4241
3136
4432
2976
2855
2000
4614
4616
2619
2686
2248
3585
2966
1236
1342
1999
563
4805
3679
2914
4589
3041
479
4106
4802
2294
1994
1787
2449
3728
3255
1247
1205
2858
5034
3475
1520
4157
482
2351
3523
3174
2503
1585
172
5023
1578
1427
461
4219
2363
1230
5045
1211
1357
175
2952
2266
518
3859
3511
1846
3090
4209
2155
3710
4982
4073
3091
2036
3370
1817
3873
2769
3363
1328
4545
1113
2938
3865
5032
4973
3583
939
4277
2985
2533
2766
4377
3279
3705
1416
1104
4062
1471
688
2428
1716
3219
3342
3763
3390
1429
957
2374
4718
2130
559
1445
3844
4298
833
2285
4479
2826
1012
381
2424
2121
3503
3856
3156
677
2725
21
1603
1568
3508
4115
3285
4534
2526
3881
3076
2930
4290
1839
3460
1448
1549
3180
2468
2059
2885
1614
3433
2293
3116
2573
2030
3779
777
4262
3144
700
2264
185
4238
4738
2751
4358
661
4146
1878
4668
3324
4322
2162
645
2305
2072
5084
3631
2995
2514
404
2100
770
4535
3492
2563
2819
1592
2991
424
1966
624
2382
608
3019
2558
134
3258
875
329
1665
2477
4574
1169
835
3483
3857
3436
3472
1761
1600
5081
4154
2957
3176
2433
3495
4222
3683
2530
2378
3824
2622
2396
2242
3709
4719
223
2864
3314
3674
2430
427
2844
3593
4635
3197
1893
1722
2944
3368
4140
2329
3963
2481
1764
2365
4849
3455
1414
1792
3855
2986
3982
3892
1086
2265
3133
1892
4740
2263
1873
4470
2877
2611
2954
1005
1630
553
2950
646
859
3419
2340
2307
1849
1065
1034
4375
1336
4604
3867
1405
360
2987
4185
2087
3097
328
3364
4071
1681
1995
5044
4803
3795
4258
1386
3358
2716
2713
4711
1863
2275
1240
3864
2880
2535
3465
4880
2306
3295
4720
3466
834
1961
3587
3270
2011
2498
144
3203
4543
3183
4482
3020
2541
2024
3360
327
3396
2931
4737
3389
1667
3193
1856
837
4323
4480
741
1547
1166
2448
1594
832
2574
4976
2851
720
3493
331
3315
1759
3341
3481
1343
1841
3398
1097
3432
982
220
2856
1262
2779
3589
1181
3241
426
5094
184
1367
195
1871
2636
2010
4196
455
4736
3471
2116
395
3365
4576
3685
3895
1639
1021
2500
3457
2436
3629
138
781
1223
1955
3775
986
3777
2996
1857
2427
4487
1791
2912
1793
3791
4078
2534
2407
3649
3278
2586
2793
2325
2110
4137
3689
989
4536
4182
337
2684
2892
1487
2898
3173
1124
2335
1777
4741
3676
2406
3800
2890
2386
2312
604
3205
94
1250
1199
3160
717
4700
2445
3773
1385
3244
4217
10
2220
2089
1364
4845
3826
4380
3532
3134
2871
4240
4334
5033
987
2733
2379
2350
1582
1894
2832
676
65
3257
3102
1668
3682
2323
1601
1449
2479
4533
2792
1979
2757
5082
4707
1374
4052
2151
2478
2331
3545
839
4081
1788
2045
389
3316
386
2719
4366
2288
3232
3194
4848
906
3073
1109
4586
784
1112
682
2012
2194
2142
4587
657
1795
2777
4775
4050
3903
3124
761
4875
2549
3874
3442
2443
2918
3597
4365
1967
3235
2014
4881
4879
3902
933
3684
3325
1136
492
1344
5083
3490
2376
3234
3303
4542
3904
3188
3125
1107
2035
3544
3582
2988
1165
814
2023
3350
2953
3590
3792
1662
66
1246
3686
4575
2470
1765
5035
1976
2338
552
1398
626
2249
603
1123
3884
332
2827
1330
4292
950
3956
3757
4259
1963
1970
3992
1018
2434
1094
4878
2286
4544
4876
4004
4701
1529
4187
1628
4211
3369
924
4260
2394
4780
1051
4743
1189
3222
2789
3711
1874
1500
3338
428
1231
4367
4970
4321
868
2857
2579
5093
2626
496
3675
4774
4939
4772
1087
824
2705
2355
4195
2002
3702
3484
3127
442
4181
3866
3474
1982
513
4787
1121
2726
216
2161
2269
3850
2246
2370
1492
1494
964
4555
421
3371
2951
2830
4255
4138
1375
740
1420
750
3361
493
4538
2352
2247
969
1491
481
1850
2324
4638
3846
1914
2483
4404
4735
180
3901
3269
716
3120
1748
2502
206
3387
900
922
3418
317
4179
4773
3677
3190
775
3425
815
4183
3456
2761
2527
3980
786
2562
3797
58
1747
4946
3367
2322
2843
2272
3146
602
3687
2727
2958
2442
3416
368
617
1172
739
5209
3632
3070
4420
1631
4268
4153
423
4263
372
2807
667
3040
4873
422
2125
192
993
4693
681
1626
2602
970
3238
4739
3212
4218
1715
3979
959
2444
902
3372
1406
4051
3945
751
5043
4210
1561
1595
3500
3762
4072
2568
4492
4349
474
3789
2187
3454
5095
1404
3825
4709
3778
1689
7
1384
3501
4056
3526
2318
889
5174
1659
3346
3110
3641
3515
2163
5004
1255
4781
5048
966
2101
1997
2592
2628
4313
5053
3916
2169
130
2722
5057
2073
3517
3681
4637
3423
4891
895
1425
5164
1049
5079
5137
2330
2859
4288
3769
3521
3470
2341
1443
2942
2143
4930
4795
2214
3283
3506
2834
4312
1528
1430
4933
5169
2452
326
2708
3962
4790
4266
2410
3928
2465
1953
3132
3424
2617
4415
59
3240
4807
4771
5165
2431
4747
4171
2117
4754
2865
1663
2154
2175
3154
4092
4783
4299
1690
795
3732
1870
3126
5003
2150
1695
3444
2960
5073
4402
1782
1514
4893
4799
1422
764
4694
4127
2391
2605
4974
4186
5005
1727
5097
3113
1645
2085
4868
1190
4929
5007
4591
3624
4124
4403
3948
2587
1762
585
2538
4111
4643
4075
1423
629
1503
4368
5161
3320
3905
3093
4169
2152
4674
1468
4233
4509
2555
3348
1135
4409
3516
4500
4745
3111
2965
151
4886
2342
3726
1389
3297
2971
2571
829
4165
2917
3886
3894
155
4887
1102
4560
1677
3033
1602
1682
4712
763
1673
136
200
3520
1672
3330
3452
3831
4511
4160
4867
4984
1245
3731
4132
869
1725
1368
3178
4871
5132
3784
2063
3645
1415
2464
5154
3899
3049
4156
3388
1131
2578
3983
4624
4099
4054
870
5029
3988
5241
551
1571
3449
1647
2899
4810
3617
3577
997
4463
4205
3566
3071
4454
1346
3615
1977
1978
1116
601
4055
4336
3909
3299
2485
4097
64
3443
2236
2648
4242
5096
1225
679
2255
3322
2206
3990
4460
1501
5240
1985
531
4947
4690
3329
1473
2840
3435
4175
4750
1206
4945
4174
3011
521
1454
4442
1965
1880
1467
1671
3907
4469
5162
1951
3926
2257
2092
4459
3497
4755
5066
3861
3345
3699
3357
4280
2402
1055
3072
4180
4685
1224
3420
1577
1709
3129
2435
1606
2836
4300
1781
899
2615
3643
2552
120
2385
1664
3469
3286
1683
4812
4758
2171
2853
4269
3434
1327
3302
3951
1693
4821
2818
2295
3410
2256
3147
3431
2968
1655
4176
2776
1960
3581
2480
1883
3588
2466
3518
2112
4302
2682
1497
811
1403
2564
4079
766
1214
4317
4094
4784
158
3639
3221
5175
1968
3936
5188
5042
2225
2706
3068
1653
4271
4546
807
3529
2690
3282
2687
3143
1868
4423
1408
2043
3522
2742
4049
1952
173
1708
3626
1688
2071
4059
2762
2453
730
3536
1141
4048
3213
2606
348
4257
5054
2499
1644
3326
2657
3152
4561
483
706
4407
4304
2380
2959
894
2333
3450
407
1834
4662
4642
1624
2724
1460
2183
1998
235
1149
2221
566
3646
3696
4170
3131
5156
2462
2823
1706
2583
3078
1027
1674
4462
2740
1312
4207
4585
2990
5185
1732
208
2250
379
3900
5136
4502
3612
1988
2540
2691
5197
4335
3704
3018
4340
1882
2772
4770
5186
126
2353
4941
2522
4892
4249
3383
4889
3488
486
4360
2720
670
3718
1212
2251
14
2146
4203
798
4478
178
4109
2022
3014
4424
1714
1848
2904
2521
4675
4389
1521
4267
3783
1025
3955
3669
4005
2547
2267
732
3104
907
936
4621
3938
4230
5163
3437
1616
2489
4093
4362
4341
4979
2224
2770
3782
4975
4201
4797
2487
3638
4983
2925
1574
3708
3400
3386
1959
4353
1077
3494
4275
1106
2357
2347
2980
1526
4726
1188
2943
2038
743
4686
1400
3028
471
4710
3214
2076
4481
2696
1241
2403
1989
4270
583
4088
218
826
4178
3949
4466
1575
4483
3570
3950
357
5183
5021
4669
847
930
4800
4421
3796
3328
2053
843
632
4371
2869
1249
4722
3021
3766
2283
713
3002
351
2607
1615
3001
4114
2069
1851
2005
2096
2313
3849
4328
2548
3576
2784
3596
3107
4977
4872
2580
1969
3284
2149
4547
4161
2415
2510
1789
519
4661
1459
3707
3079
5198
4928
794
4278
3953
3835
4510
2825
3975
4556
817
484
2604
5239
2346
3514
4110
3519
778
2833
4498
1700
3201
2741
2756
4656
3680
2451
4158
5001
1162
1842
5199
3038
2109
2139
5098
5055
2688
1669
3118
51
1694
4047
888
4644
2068
1648
3323
3467
4971
4386
3868
129
2287
3969
4468
4725
4411
2321
1540
3842
3074
4134
2698
2736
4508
655
5006
2955
769
2837
489
4228
3971
4789
4532
4507
4853
3644
1361
3266
476
3542
4732
5040
4846
2046
4650
911
5153
3077
1563
4289
3636
2339
4226
4319
4972
4628
830
2637
896
3453
2685
1844
5014
4095
1852
2668
1964
3787
3036
3943
4559
2937
1140
3896
4895
956
1780
597
3840
5030
1341
3237
4870
5170
4295
5138
3034
313
3355
3027
1421
5160
3280
1958
1854
22
4279
4214
4303
791
4530
3032
1971
5074
3157
1335
52
3311
4314
199
5046
3968
1108
1604
5152
5130
1195
3991
3627
1553
1392
3981
3989
568
487
5187
1047
3321
4557
2282
3505
3965
4408
2650
684
2882
2425
3083
1133
4053
2245
2159
2608
2863
3117
2040
4647
557
30
2104
4572
3703
576
4315
2461
1193
2839
4909
2775
4431
4940
3977
2090
1784
3765
4388
4416
1579
1201
4342
5171
897
3366
3670
1910
1539
3035
4769
4655
2467
3706
2981
2158
1412
4446
5151
2064
4944
2591
5013
5031
3015
3169
3256
4398
3848
3186
2785
4798
1059
556
5022
2553
2546
1749
1544
1463
5131
1433
5015
3177
1115
1359
5020
3075
2941
3485
831
4461
4399
121
5056
3191
3150
2924
2584
4204
4501
1783
4064
673
4581
2862
116
4900
2219
705
573
1418
4484
4139
3625
2655
4265
4779
2099
433
237
660
1127
3827
5008
3185
1314
4311
110
4443
415
3265
3628
5184
2576
4883
2205
4657
4852
1164
2663
4166
1338
1351
4801
1824
5077
4908
5176
2429
4759
4898
5155
878
4082
3885
4577
838
3788
3972
1063
1729
3254
1730
1613
233
364
3862
1010
4464
2569
4548
2539
1202
4410
2797
246
4590
1984
4337
780
4708
2054
2416
4885
3852
1064
1297
3942
836
666
4696
4008
4553
4370
2371
2509
2993
4639
3223
4117
3130
2493
4869
2093
3531
3541
4133
5058
3438
4811
4978
3066
1535
4229
3834
2488
1974
2289
2157
4387
3912
4359
2656
648
4397
2168
5002
3479
1710
4098
898
1396
4549
819
2717
4744
3993
4687
4894
3952
4430
2049
2594
2113
853
2233
5047
2627
3974
3103
5157
3298
2989
4573
2801
2
4847
2765
198
3937
3906
3000
125
1105
2697
4782
1366
4888
4444
5078
4721
2829
4652
4356
2277
3793
1477
1258
998
4884
4417
595
4256
3108
1006
2095
3527
3253
4329
4948
3851
3941
1209
3218
1556
217
2094
3373
3652
4610
4372
4248
2868
5012
4061
5121
890
4796
4751
4475
3245
5215
4566
3069
2927
4467
3260
3300
1996
2616
1363
4600
2136
5019
2962
5230
4449
478
3832
1950
4379
3262
640
5182
4663
4316
2999
2052
4629
4988
3310
4626
4305
3841
2700
405
3538
1125
4649
5018
179
1513
2978
1183
4906
3448
2693
3860
2098
4426
3533
2235
4281
4243
3271
2799
2728
4425
2881
1451
3623
4935
3920
3088
4437
3313
5196
1691
1239
2055
4438
1130
1390
4105
3445
3640
912
4539
4850
4246
1866
1213
1769
2167
3151
2369
2334
5065
4096
2815
2699
4453
4917
3630
1444
5206
4682
2181
1143
696
1409
2119
5232
2086
142
4651
4429
1865
4293
4069
948
5208
4905
4250
1656
1457
2919
2983
3671
4902
1253
112
4854
4597
3332
3584
4381
4245
4727
2413
1771
2712
2618
4286
3333
1350
4950
4244
3067
3405
2867
4680
3263
3473
4673
2084
2961
4598
3149
5202
4676
3058
435
771
1823
5140
4678
4746
5124
2680
4677
2316
5148
4326
2905
3770
953
4713
5109
4007
4119
4622
4208
5214
1191
4607
4938
4570
1651
3776
4076
2215
4665
5135
4445
2075
3911
921
3836
4474
4168
4925
2120
5167
3344
3858
309
3181
5216
5190
4113
565
4339
4122
4683
2006
2319
5166
3572
3854
5089
3790
2252
5060
4786
3296
4306
4558
2841
2994
5062
4297
2847
5123
133
3910
4997
4390
3642
4296
4089
5070
1646
5063
2567
3115
5103
3648
1185
3476
3924
1756
3667
3486
2670
4135
4455
2328
721
3159
1379
3043
2153
1812
2230
1050
4618
5051
3650
2824
3327
2128
4439
4791
2964
2198
4724
5177
653
1126
5067
4857
4252
1617
1703
488
4730
5099
2544
3085
5201
3022
3109
3767
2805
1625
4493
4084
28
2916
434
4285
4567
2317
3918
3401
4627
4294
4729
747
4486
4550
3216
4224
1003
3451
4814
3922
183
4964
1046
4785
2132
5129
3447
3970
4809
3112
4528
4762
1536
4932
3220
1434
1742
2050
4494
3039
5173
1465
4623
5227
1488
2613
5090
2185
4155
1387
3128
1685
1062
3094
3421
3567
4396
3189
1053
4963
2258
1226
1816
3099
3715
828
2581
2188
2166
4967
4090
2204
4916
2208
3611
2460
4497
2704
1660
4794
4705
38
3239
3614
5191
3957
1260
4999
4860
4877
4753
3700
737
4427
3059
3042
5218
4057
4391
3422
1139
2842
5236
2817
3217
1452
2709
4104
4118
765
654
4283
2660
2746
5000
1542
1167
3959
3524
1697
4495
4107
1876
2423
4324
3843
3771
2614
5110
4931
1411
5150
3242
2497
3025
4476
409
3477
2412
4603
574
3780
1014
2296
1810
594
994
4231
4401
4733
3430
5120
2998
2081
3204
1490
4212
637
2901
639
4378
3716
5009
1377
3888
2284
3236
4434
444
586
4325
4384
1847
4473
2926
4924
4808
1755
4504
2395
1770
4120
4189
4247
4450
3080
3839
383
4282
4215
3404
1101
803
2783
1907
2963
3029
3408
5080
4253
4540
636
1684
2561
802
5217
1316
1078
4903
5052
4164
2411
2910
1657
2554
4333
4851
1906
3224
1349
2271
3595
3923
4448
4757
5101
2707
4728
891
4630
4882
1711
4937
4456
2565
5178
1726
2074
2888
1208
2178
4654
5038
2794
3491
1142
3929
4447
5212
797
4987
2883
1187
3106
4691
4855
3061
3914
5059
3833
3697
1973
4236
1743
2702
4813
5091
3349
4418
5204
3289
4734
995
4112
2211
4234
3616
3031
2409
3335
2872
703
5049
5085
4488
3908
4012
5158
109
3837
3958
5238
4956
1806
3441
3261
2354
4672
4568
4760
3940
2781
4363
4631
892
1833
4327
4890
4010
4703
1763
4793
1054
5011
4980
2292
3651
3946
5086
4756
678
5195
1983
3853
2170
4633
641
2550
4571
5127
4077
4506
5134
3986
4091
4615
1913
4216
4413
2754
115
4101
2913
2384
3786
5235
2556
2290
1496
4969
3096
3195
2368
4748
1814
5228
4191
2216
39
862
5104
4503
4959
4625
4489
3306
4952
4659
2572
4309
4658
2677
3281
4232
4823
2703
4254
2279
2083
3712
3337
4958
2097
4632
4239
1837
5220
1908
1000
3939
4646
2078
579
3875
4162
2835
4901
5119
3312
951
4731
1489
3446
5105
4125
4465
3961
2080
4648
4822
4927
2004
4844
4619
2172
821
3098
4433
2253
3063
5192
1196
5168
4318
4768
4184
2147
2148
2270
445
3890
801
4949
1147
2695
4552
4060
3930
5037
3051
2056
5128
1712
3403
4907
5189
5068
4563
3426
2589
5016
4564
382
4121
2816
4307
3347
3954
330
4361
4723
5179
5234
2982
4276
2786
4752
5106
2922
5017
4715
3725
1696
3402
3931
1519
2115
4981
1431
4527
4287
5211
2974
1474
1835
4103
5233
4457
718
4717
4074
2729
5087
2852
2051
3730
5125
1129
3987
4926
5219
4067
3309
5050
3713
4190
4714
1699
4653
4554
2476
131
2189
3305
584
5039
4066
2122
4985
4670
4452
3919
4382
3602
4458
4435
5133
1532
5108
5181
4645
3013
4451
3406
1737
2661
2887
2710
4679
4499
2778
2870
1905
3647
164
5010
56
2787
5027
2701
3062
3698
2201
727
4716
4058
4565
695
2108
4400
2551
2213
3692
4961
4777
4440
3336
18
4702
5092
4602
1566
4859
638
4108
2796
947
3179
5149
5139
3318
5076
5061
728
4274
1773
4087
5071
3206
1128
3200
3317
5107
3352
3399
4126
2327
1550
1432
272
3672
5210
3468
2057
2366
4531
5213
4698
3187
2903
1608
2947
3017
722
2585
1466
4284
5205
4200
3272
1510
3060
2566
2007
2278
3927
2745
4529
4485
4943
2032
4436
2760
4173
762
3101
4011
2134
2060
2977
4338
2948
3391
2492
4192
4471
5172
4915
46
2739
4896
812
4551
4688
2297
1184
4541
2207
5069
106
4599
4332
596
4749
3966
1197
2669
4936
3250
4213
2039
2077
1150
4123
3578
1381
2946
323
4689
3382
1207
2102
2186
2906
4441
3375
607
4918
1915
4159
411
4273
4641
4960
3065
4806
5237
4942
1658
3774
2537
3225
1738
5036
5207
2692
2570
4102
4792
5203
1464
2634
5028
3268
2755
738
1641
3568
4537
2800
4704
2212
5102
2176
3917
1640
414
3192
2504
1498
3764
4369
5064
2160
1853
4272
4006
4491
4085
4620
1766
787
4163
3729
3351
5118
4428
4569
4331
3947
2590
3409
5075
3889
3575
3264
2474
2218
5159
4472
580
804
2173
4206
2907
2202
4788
2635
1447
1803
5194
268
952
4897
1676
4640
901
3184
4009
4671
2320
3376
4965
367
4167
2037
3768
4601
4934
4856
2358
3621
416
3863
3571
2308
3569
2738
2814
1692
4221
2203
4068
3259
3976
3064
3374
5231
4251
1227
4966
2788
5180
3158
4320
2743
1739
4330
867
2388
1772
4606
4414
5122
1383
3921
2129
4220
2902
2798
2222
4496
107
2359
4477
2813
4858
2482
3123
4866
5229
4605
2174
4172
2200
3480
2820
3668
2809
3202
1441
1809
4957
4776
3573
1986
4199
5200
460
3574
5100
305
1461
5193
3887
1707
1022
4193
4761
1152
4962
4083
3717
2367
4634
4968
4904
5088
4080
2446
4664
4490
3304
2226
5126
4562
4681
3512
4395
1259
4998
4986
3913
710
1353
5072
