1652654 1652653 0.600000113851366
1652654 1652652 0.600000113851366
640099 640098 0.600000007690482
3631585 3631584 0.6
3631585 3631583 0.6
3620893 2921420 0.6
3620892 2921420 0.6
3360199 2434214 0.6
3230699 3028778 0.6
3136863 3136858 0.6
3136862 3136858 0.6
3136861 3136858 0.6
3136860 3136858 0.6
3136859 3136858 0.6
3136858 3136857 0.6
3017651 2891466 0.6
2992451 2992450 0.6
2962847 2217899 0.6
2699214 1616405 0.6
2632879 2632877 0.6
2632879 2147863 0.6
2190730 2042679 0.6
2190730 1841519 0.6
2060505 2060504 0.6
2051247 1604589 0.6
1979408 1979407 0.6
1885353 1885349 0.6
1885350 1885349 0.6
1885349 1885348 0.6
1885349 1885347 0.6
1866592 1866591 0.6
3303741 2992451 0.36
3303740 2992451 0.36
2369885 1973197 0.36
2369884 1973197 0.36
2369883 1973197 0.36
684134 684131 0.345
1157337 1157334 0.313187861895918
1960568 1157337 0.313187860408163
2177652 1508995 0.301079887264461
1820131 1508995 0.301079887264461
832541 832540 0.300000010967018
3631585 3447517 0.3
3631585 2371283 0.3
3631585 1702585 0.3
3541399 2254273 0.3
3541398 2254273 0.3
3475402 3019000 0.3
3458252 2989297 0.3
3293906 3010692 0.3
3174103 2921420 0.3
3136858 2592715 0.3
3136858 2207853 0.3
3136858 1570012 0.3
3136858 75955 0.3
3127329 2921420 0.3
3113949 3019000 0.3
3113035 2821090 0.3
3113035 2562979 0.3
3085713 1616405 0.3
3059154 1645910 0.3
3059153 1645910 0.3
3028778 2412418 0.3
3023816 2961592 0.3
3023816 2889919 0.3
2965685 2402141 0.3
2921420 2155727 0.3
2777114 2777112 0.3
2777113 2777112 0.3
2777112 2777111 0.3
2632879 2632878 0.3
2402141 2191124 0.3
2250484 2250483 0.3
2217899 1828325 0.3
2190730 1679210 0.3
1987174 1711536 0.3
1979408 1785901 0.3
1979408 1390564 0.3
1885351 1885349 0.3
1885349 415882 0.3
1750011 1604589 0.3
1733106 693380 0.3
1733104 693380 0.3
1733103 693380 0.3
1733102 693380 0.3
1733101 693380 0.3
1711539 1711536 0.3
1711538 1711536 0.3
1711537 1711536 0.3
1711536 1711535 0.3
1645912 1645910 0.3
1645911 1645910 0.3
1631617 1035080 0.3
1604589 1522201 0.3
1548020 1313676 0.3
1409637 627133 0.3
1409636 627133 0.3
1409635 627133 0.3
1305127 683642 0.3
1250934 797643 0.3
693381 693380 0.3
693380 693378 0.3
693380 693377 0.3
693380 604040 0.3
627133 627132 0.3
684138 684134 0.23
1157337 1157335 0.213077621720408
1957268 1884749 0.213
1957266 1884749 0.213
1957265 1884749 0.213
1957264 1884749 0.213
1957262 1884749 0.213
1957261 1884749 0.213
1957259 1884749 0.213
1957258 1884749 0.213
1275749 17829 0.210909090909091
2808521 868437 0.2105
2992451 1614227 0.21
1820003 868437 0.2075
1820002 868437 0.2075
1885349 1375854 0.20015
2209739 1836186 0.200071958739124
1250937 1250934 0.200001111111111
832541 39651 0.200000007311345
67511 67510 0.20000000397731
3681145 3380599 0.2
3681144 3380599 0.2
3681143 3380599 0.2
3677614 3380599 0.2
3677613 3380599 0.2
3677611 3380599 0.2
3631585 3028583 0.2
3631585 2371284 0.2
3592502 3470627 0.2
3534508 3470627 0.2
3502840 3470627 0.2
3470627 3461498 0.2
3380605 3380599 0.2
3380604 3380599 0.2
3380603 3380599 0.2
3380602 3380599 0.2
3380601 3380599 0.2
3380600 3380599 0.2
3380599 3380598 0.2
3380599 3380597 0.2
3360199 2346282 0.2
3144170 2921420 0.2
3136858 2592717 0.2
3136858 1570013 0.2
3136858 1084451 0.2
3127328 2921420 0.2
3113036 3113035 0.2
3071513 3019000 0.2
3028778 1738101 0.2
3019000 2993294 0.2
3017651 2896298 0.2
2992451 2992449 0.2
2992451 2148970 0.2
2921420 2813701 0.2
2921420 1957079 0.2
2921420 1115967 0.2
2792235 2217899 0.2
2777112 2721209 0.2
2734062 1170347 0.2
2629742 2166692 0.2
2629741 2166692 0.2
2629740 2166692 0.2
2629739 2166692 0.2
2629738 2166692 0.2
2629737 2166692 0.2
2477414 815879 0.2
2477413 815879 0.2
2477412 815879 0.2
2477411 815879 0.2
2387951 2305349 0.2
2190730 1982471 0.2
2037046 1250711 0.2
1885349 123531 0.2
1873030 1604589 0.2
1711536 1574177 0.2
1604589 1045508 0.2
1591101 1591100 0.2
1250936 1250934 0.2
1884749 345587 0.1815
3145509 1645910 0.18
3145508 1645910 0.18
2992451 2860880 0.18
2992451 2851719 0.18
2992451 2851718 0.18
2992451 2851717 0.18
2992451 2851716 0.18
2992451 2851714 0.18
2992451 2851713 0.18
2992451 2093358 0.18
2992451 2093356 0.18
2992451 2093355 0.18
2992451 2093353 0.18
2992451 2093351 0.18
2992451 2093350 0.18
2992451 2093349 0.18
2992451 2093348 0.18
2992451 2093347 0.18
2992451 2093346 0.18
2992451 2093345 0.18
2992451 2093344 0.18
2992451 1688473 0.18
2992451 1402813 0.18
2992451 1402812 0.18
2992451 1402811 0.18
2992451 1323126 0.18
2992451 1025994 0.18
2992451 917723 0.18
2992451 468327 0.18
2992451 468325 0.18
2989297 2678553 0.18
2769082 2037046 0.18
2769081 2037046 0.18
2624701 2037046 0.18
2037046 773187 0.18
2037046 773186 0.18
2037046 556401 0.18
2037046 59435 0.18
1973197 1717482 0.18
1973197 1433417 0.18
1711536 1402029 0.18
1609587 1548020 0.18
1711536 1711534 0.177
722437 684134 0.1725
684135 684134 0.1725
684134 82472 0.1725
2777112 1249549 0.172
1157337 932535 0.171908305083495
1157337 932534 0.171908305083495
1157337 1157333 0.168413624453571
3019000 2887840 0.16
1157337 1157336 0.156601015124125
1960569 1157337 0.156593930204082
1157337 471022 0.156593930204082
2177651 1508995 0.152908657952706
832541 376652 0.152666236387214
1508995 1508991 0.151293733716389
693380 693379 0.150042454810496
693380 334003 0.150020275300227
1198097 753882 0.150000000002454
1198096 753882 0.150000000002454
753882 753881 0.150000000001037
753885 753882 0.150000000000518
3712399 574853 0.15
3427528 2970197 0.15
3360199 2668340 0.15
3360199 2648168 0.15
3304355 2970197 0.15
3302519 2254273 0.15
3275606 3267977 0.15
3267977 3217256 0.15
3267977 3206485 0.15
3267977 3193318 0.15
3233269 3019000 0.15
3184227 2970197 0.15
3184226 2970197 0.15
3184225 2970197 0.15
3184224 2970197 0.15
3177345 574853 0.15
3136858 2694710 0.15
3136858 1164859 0.15
3116249 3023816 0.15
3077429 2970197 0.15
3059156 1645910 0.15
3059155 1645910 0.15
3019000 2668730 0.15
3010692 1513263 0.15
3005080 2921420 0.15
2992451 1499 0.15
2970197 2837532 0.15
2970197 2695916 0.15
2970197 659391 0.15
2965684 2402141 0.15
2934710 2217899 0.15
2921420 1957078 0.15
2632879 1226177 0.15
2190730 1927036 0.15
2190730 401158 0.15
1866591 1609531 0.15
1733105 693380 0.15
1733100 693380 0.15
1645910 1274569 0.15
1604589 1190231 0.15
1434073 753882 0.15
1434070 753882 0.15
1434069 753882 0.15
1434067 753882 0.15
1434066 753882 0.15
1017646 627133 0.15
970413 693380 0.15
693385 693380 0.15
693383 693380 0.15
574854 574853 0.15
1548020 1018928 0.144
1203963 868437 0.139592578061224
684136 684134 0.138
684134 684133 0.138
1157337 932536 0.137306251564922
2239115 2236593 0.132
2992451 2093357 0.130285714285714
2236593 2018079 0.12928
1884749 595588 0.127
2190730 1486268 0.124448356826028
3380599 315576 0.124
1884749 714835 0.1224
2037046 1139438 0.121330233418367
3422312 3077352 0.12
3374069 2953858 0.12
3362008 2953858 0.12
3360199 1787952 0.12
3319708 2953858 0.12
3113035 2549542 0.12
3028778 1432784 0.12
2992451 2773073 0.12
2992451 2387297 0.12
2992451 1027095 0.12
2992451 689271 0.12
2992451 689269 0.12
2992451 468326 0.12
2992451 1501 0.12
2921420 2512438 0.12
2921420 2487314 0.12
2921420 2035723 0.12
2921420 1939818 0.12
2921420 1789829 0.12
2777112 2146534 0.12
2308883 1973197 0.12
2236593 1894172 0.12
2203513 1616405 0.12
1979408 1574547 0.12
1979408 1574546 0.12
1979408 1019200 0.12
1979408 1019199 0.12
1979408 940898 0.12
1979408 940896 0.12
1979408 940895 0.12
1979408 940894 0.12
1973197 1670093 0.12
1973197 806725 0.12
1973197 418746 0.12
1250935 1250934 0.12
1250934 1236434 0.12
683644 683642 0.12
684137 684134 0.115
684134 684132 0.115
2992451 2493782 0.1125
2037046 395456 0.1125
1884749 1624445 0.109714285714286
1957263 1884749 0.1095
1711536 426309 0.109
2236593 1719572 0.1068
832541 664273 0.10677778143345
1957267 1884749 0.1065
1957260 1884749 0.1065
1884749 1820816 0.1065
1884749 1614271 0.1065
1884749 811691 0.1065
1884749 698071 0.1065
2037046 184208 0.105
1157337 716362 0.104395953469388
3019000 2708381 0.10375
2975476 1183189 0.103272727272727
2070940 2037046 0.102857142857143
2070936 2037046 0.102857142857143
3380599 1314607 0.102222222222222
815879 146444 0.101000145135829
1820137 1508995 0.100861299462624
1977348 1977347 0.10083991925
3136858 1570011 0.100642857142857
1508996 1508995 0.100359965180744
1508995 1508993 0.100359965180744
640099 19527 0.100125001281747
1183518 815879 0.100050955991884
1035080 649095 0.10004842741692
693380 334004 0.100013516866818
1443918 693380 0.100001923428571
67511 67509 0.100000082224286
1652654 1107954 0.100000018975359
815879 703298 0.100000005681818
67513 67511 0.100000001988655
3677612 3380599 0.1
3651322 3380599 0.1
3489360 3363970 0.1
3380599 3152001 0.1
3380599 3126217 0.1
3380599 2902557 0.1
3380599 2786382 0.1
3380599 2660721 0.1
3380599 2341178 0.1
3380599 1913601 0.1
3380599 555537 0.1
3380599 351647 0.1
3380599 315574 0.1
3380599 141509 0.1
3352176 2989297 0.1
3248260 2989297 0.1
3136858 1968589 0.1
3136858 1785321 0.1
3113035 2927677 0.1
3113035 2547046 0.1
3112850 3017651 0.1
3023816 2918580 0.1
3023816 2175573 0.1
3017651 2904125 0.1
2992451 2368403 0.1
2992451 1306470 0.1
2992451 1184349 0.1
2989705 2921420 0.1
2975476 1243640 0.1
2921420 2662206 0.1
2777112 2390854 0.1
2777112 2338509 0.1
2652189 2093578 0.1
2652185 2093578 0.1
2436171 2122382 0.1
2402141 1830959 0.1
2402141 974892 0.1
2225806 2093578 0.1
2166692 1617220 0.1
2060504 295348 0.1
1957546 815879 0.1
1866963 1711536 0.1
1711536 784559 0.1
1711536 426308 0.1
1645913 1645910 0.1
1645910 840649 0.1
1645910 456035 0.1
1374061 815879 0.1
1275749 415627 0.1
1101517 815879 0.1
1035080 634127 0.1
693382 693380 0.1
2801849 1250934 0.09675
2801848 1250934 0.09675
3333523 1573024 0.096
3136858 1543546 0.094767857142857
2992451 2525303 0.093061224489796
832541 664271 0.091520592627661
1275749 17833 0.09038961038961
1973197 888334 0.090041326530612
3454880 2402141 0.09
3454879 2402141 0.09
3454878 2402141 0.09
3176374 2250483 0.09
3136858 3061309 0.09
3136858 3031870 0.09
3136858 2758835 0.09
3136858 2758834 0.09
3136858 2758833 0.09
3136858 2758832 0.09
3136858 2758830 0.09
3124240 3077352 0.09
3111616 3010692 0.09
3111615 3010692 0.09
3111614 3010692 0.09
3111613 3010692 0.09
3111612 3010692 0.09
3097775 3077352 0.09
3077352 2890802 0.09
3038243 2250483 0.09
3038242 2250483 0.09
3028778 2553651 0.09
2992451 2981954 0.09
2992451 2851715 0.09
2992451 2523849 0.09
2992451 2093354 0.09
2992451 2093352 0.09
2992451 344062 0.09
2777112 1863815 0.09
2777112 1240897 0.09
2769083 2037046 0.09
2241371 2037046 0.09
2037046 1691690 0.09
2037046 1166255 0.09
2037046 773190 0.09
2037046 773188 0.09
2037046 543054 0.09
2037046 331389 0.09
2037046 263566 0.09
1973197 1533397 0.09
1973197 888332 0.09
1973197 625201 0.09
1157337 71710 0.08948224604481
2658587 1508203 0.087321428571429
2658586 1508203 0.087321428571429
2658585 1508203 0.087321428571429
2658584 1508203 0.087321428571429
2534980 1508203 0.086755561362963
2534979 1508203 0.086755561362963
1977348 1052926 0.0864342165
2083689 1508203 0.086385206006196
2166692 1793782 0.0863
3050896 3019000 0.08625
684134 675597 0.08625
1251540 1142822 0.086201778668898
669527 93822 0.085714535141957
