4349753 4349752 0.600002583342499
2306449 2306446 0.600002356571294
2151721 2151719 0.60000220358532
3775541 3775540 0.600001050895607
3643162 3643160 0.600000988880085
3643161 3643160 0.600000988880085
4602461 3521600 0.60000073313639
3382870 3382869 0.600000300712376
4793072 4793071 0.599999979522633
4793072 4793070 0.599999979522633
4325876 4325875 0.599999977354134
3862639 3862638 0.599999823548242
4325875 3605572 0.359999977354134
4534269 4534267 0.325194326799459
4534268 4534267 0.325194326799459
4349753 4349751 0.321098857854662
3828236 2804898 0.305582446638466
3107453 3107452 0.304171767973888
2306451 2306446 0.304089362949671
2306452 2306446 0.303160000680737
4029657 2799827 0.303112893780182
3226141 3226139 0.302925275581175
3226140 3226139 0.302925275581175
2303117 2303115 0.302049347747654
4009552 2303115 0.302048141057302
3862640 3862639 0.301750442520773
3862639 3862637 0.301750442520773
4602462 3521600 0.301682213949742
2306446 2306444 0.301369355761005
2306448 2306446 0.301278025369251
2619836 2619835 0.300877532429812
2619835 2619833 0.300877532429812
3695406 2619835 0.300876081744863
3874572 3874568 0.300703716705051
3874568 3874564 0.300703716705051
3874568 3874552 0.300703716705051
1931142 1931141 0.300539061792671
4349754 4349753 0.30000129167125
2796484 213442 0.300000864714201
4349753 4349742 0.223559780420317
4349753 4349744 0.21682788291074
3775540 571889 0.208439442910367
3904065 3521600 0.203836884248693
4793072 3411814 0.202977759022653
2306447 2306446 0.202915486617683
2212600 2123358 0.202857996827797
4012271 3521600 0.202204495445621
3258026 1006360 0.202104318825149
3018491 1006360 0.202029675442786
3018490 1006360 0.202029675442786
3018489 1006360 0.202029675442786
2123358 2123352 0.201984556404496
2297580 2297579 0.201161220087574
3382869 2836530 0.201132564930947
2565412 2565411 0.201090092852271
3762810 3107307 0.2009372659373
2796484 2667158 0.200704903679788
2785835 2565411 0.200638589651165
2785831 2565411 0.200638589651165
2648500 2565411 0.200638589651165
3107453 2342343 0.200609818128342
4349753 3032931 0.200505109724167
1489792 1489611 0.200223674069618
1489791 1489611 0.200223674069618
1489789 1489611 0.200223674069618
1489787 1489611 0.200223674069618
1489785 1489611 0.200223674069618
1489781 1489611 0.200223674069618
1489775 1489611 0.200223674069618
1489772 1489611 0.200223674069618
1489771 1489611 0.200223674069618
1489770 1489611 0.200223674069618
1489769 1489611 0.200223674069618
1489766 1489611 0.200223674069618
1489765 1489611 0.200223674069618
1489764 1489611 0.200223674069618
1489760 1489611 0.200223674069618
1489759 1489611 0.200223674069618
1489758 1489611 0.200223674069618
1489757 1489611 0.200223674069618
1489754 1489611 0.200223674069618
1489752 1489611 0.200223674069618
1489751 1489611 0.200223674069618
1489747 1489611 0.200223674069618
1489746 1489611 0.200223674069618
1489745 1489611 0.200223674069618
1489737 1489611 0.200223674069618
1489734 1489611 0.200223674069618
1489730 1489611 0.200223674069618
1489726 1489611 0.200223674069618
1489725 1489611 0.200223674069618
1489724 1489611 0.200223674069618
1489721 1489611 0.200223674069618
1489712 1489611 0.200223674069618
1489711 1489611 0.200223674069618
1489696 1489611 0.200223674069618
1489681 1489611 0.200223674069618
1489680 1489611 0.200223674069618
1489677 1489611 0.200223674069618
1489675 1489611 0.200223674069618
1489672 1489611 0.200223674069618
1489671 1489611 0.200223674069618
1489667 1489611 0.200223674069618
1489657 1489611 0.200223674069618
1489629 1489611 0.200223674069618
1489613 1489611 0.200223674069618
1489611 1489580 0.200223674069618
1489611 1489552 0.200223674069618
1006360 1006355 0.20019299075285
3382869 1500465 0.200109238188252
3834236 2802914 0.191372212008699
3793034 3790298 0.185094762685833
4534270 4534267 0.184869064937261
4103299 2737893 0.18149706695758
4349753 4349743 0.178395062351523
4774767 2383845 0.176649718843377
3828236 2804900 0.174488459674548
3790298 3790296 0.170238429630575
2897051 2897050 0.163636276163736
3004388 2802914 0.16000487934074
3874571 3874568 0.158903877089889
4793072 2999976 0.15747045307525
3506885 3446892 0.157417955058058
3506886 3446892 0.156703249446888
4153961 4153960 0.156160029450748
3874568 3874560 0.155592962662494
2303115 2303114 0.155451158290614
3775540 2884465 0.154450584891733
3874568 3874566 0.154179332203085
4153961 3965030 0.153445321442089
3874570 3874568 0.153138158758428
3874568 3873089 0.153044488943597
3874568 2797190 0.15300687843281
2303116 2303115 0.152811158433813
3382869 1475372 0.152752979211694
4447558 2984572 0.152052377543737
258770 258713 0.152028994691187
258769 258713 0.152028994691187
258768 258713 0.152028994691187
258764 258713 0.152028994691187
258763 258713 0.152028994691187
258762 258713 0.152028994691187
258758 258713 0.152028994691187
258757 258713 0.152028994691187
258756 258713 0.152028994691187
258744 258713 0.152028994691187
258741 258713 0.152028994691187
258739 258713 0.152028994691187
258728 258713 0.152028994691187
258725 258713 0.152028994691187
258724 258713 0.152028994691187
258723 258713 0.152028994691187
258719 258713 0.152028994691187
258713 258710 0.152028994691187
258713 258706 0.152028994691187
258713 258703 0.152028994691187
258713 258698 0.152028994691187
258713 258690 0.152028994691187
258713 258689 0.152028994691187
258713 258688 0.152028994691187
258713 258687 0.152028994691187
258713 258685 0.152028994691187
258713 258680 0.152028994691187
258713 258678 0.152028994691187
258713 258677 0.152028994691187
258713 258665 0.152028994691187
258713 258612 0.152028994691187
2619835 2619831 0.151836348818541
2897050 347649 0.151687995655649
2897052 2897050 0.151654935244251
3874568 3874565 0.151370933631753
2306446 1796258 0.151339601607809
2796484 2502677 0.151174235896424
4349753 4349750 0.151147179007402
1806347 1806343 0.150665359818377
2189812 223361 0.150493821989689
2105346 258713 0.150397723953057
2105344 258713 0.150397723953057
2105343 258713 0.150397723953057
2105342 258713 0.150397723953057
2105341 258713 0.150397723953057
2105340 258713 0.150397723953057
1931141 1715295 0.150321655852241
2652431 223361 0.15031305660942
2151721 1858088 0.150308078272178
3065196 1142370 0.15029123850325
3800325 587294 0.150094813706582
587621 587294 0.15007684966988
587609 587294 0.15007684966988
587608 587294 0.15007684966988
587607 587294 0.15007684966988
587603 587294 0.15007684966988
587599 587294 0.15007684966988
587308 587294 0.150055875256111
587295 587294 0.150055875256111
587294 587273 0.150055875256111
2117482 587294 0.150051389122884
2117477 587294 0.150051389122884
2117476 587294 0.150051389122884
2117475 587294 0.150051389122884
223502 223361 0.150042304938443
223501 223361 0.150042304938443
223500 223361 0.150042304938443
223499 223361 0.150042304938443
223494 223361 0.150042304938443
223493 223361 0.150042304938443
223492 223361 0.150042304938443
223491 223361 0.150042304938443
223488 223361 0.150042304938443
223485 223361 0.150042304938443
223484 223361 0.150042304938443
223483 223361 0.150042304938443
223480 223361 0.150042304938443
223476 223361 0.150042304938443
223475 223361 0.150042304938443
223472 223361 0.150042304938443
223469 223361 0.150042304938443
223467 223361 0.150042304938443
223465 223361 0.150042304938443
223462 223361 0.150042304938443
223460 223361 0.150042304938443
223457 223361 0.150042304938443
223456 223361 0.150042304938443
223455 223361 0.150042304938443
223452 223361 0.150042304938443
223450 223361 0.150042304938443
223449 223361 0.150042304938443
223444 223361 0.150042304938443
223443 223361 0.150042304938443
223441 223361 0.150042304938443
223440 223361 0.150042304938443
223438 223361 0.150042304938443
223435 223361 0.150042304938443
223434 223361 0.150042304938443
223433 223361 0.150042304938443
223423 223361 0.150042304938443
223421 223361 0.150042304938443
223414 223361 0.150042304938443
223411 223361 0.150042304938443
223409 223361 0.150042304938443
223398 223361 0.150042304938443
223390 223361 0.150042304938443
223361 223167 0.150042304938443
223361 223164 0.150042304938443
2151721 1307610 0.150020705478266
3768798 3446892 0.150000352115504
2802914 2802912 0.149554635004197
2802914 2802913 0.149554546431731
3790298 3790295 0.148587801701518
3790299 3790298 0.148279365115277
4550823 3184403 0.138296203972511
3515466 2664526 0.132903917975049
4534267 4276345 0.132298067220986
4349753 1976834 0.130397640050153
3790298 3790297 0.129515528407538
3790298 3790294 0.129482034663593
3790301 3790298 0.129250561972031
4756899 3184403 0.126788373009931
3654105 3521600 0.126650411264801
2796484 2796483 0.126447717050459
4338841 4338838 0.125916720118205
4338840 4338838 0.124649984241483
2796484 1174347 0.12433125833711
3107453 2717723 0.123690400558793
2306446 2306445 0.123187783559729
3827665 3521600 0.122633557282734
2306446 2306437 0.122043455109516
2739086 599825 0.121993379743352
3654111 3521600 0.121940398979692
4029657 3456925 0.121660519734665
2306446 2306442 0.121372138374074
599875 599825 0.12069869882054
1720719 599825 0.120598329645281
1870474 526666 0.120458350977399
2664581 599825 0.12022424140564
2664577 599825 0.12022424140564
2907739 2842020 0.120082719420713
2907736 2842020 0.120082719420713
2842020 2842019 0.120075721942318
2842020 2842018 0.120075721942318
3382869 806252 0.120052865547157
2911196 2842020 0.12002377272022
2911194 2842020 0.12002377272022
2911193 2842020 0.12002377272022
1870474 1279495 0.120021943012353
3446893 3446892 0.119345914921237
3874568 2896089 0.11718669570996
4338839 4338838 0.117013669011252
3810966 3406476 0.116322090627422
4338843 4338838 0.114853096973805
3790300 3790298 0.114801700196039
3515466 2195964 0.113729442437867
3874569 3874568 0.111466380289209
3184403 3184401 0.110714590561947
3184403 3184399 0.110714590561947
4722790 3660371 0.110265795586494
3874568 3874557 0.106842722267906
3874568 3874558 0.106437407481489
2619837 2619835 0.105471028654982
4338838 4030999 0.105449860358315
3775540 2889445 0.10527953925846
2303115 2303113 0.104771385659721
3256217 3184403 0.104652796971888
3256214 3184403 0.104652796971888
3874568 3846466 0.104409890205785
4447558 3892185 0.104319381697765
3107453 1703618 0.104192984503299
3874568 3874567 0.103759759511733
3643160 1506879 0.103706196031263
2151721 562197 0.103378474469467
4338838 4030991 0.103156097999196
3881061 1806343 0.10273168196653
4006601 3226139 0.102556896481386
1489611 1489572 0.102256832962492
3874568 3846526 0.102061759540287
3226139 3226138 0.102016506817517
3296001 3296000 0.101858989566578
3296001 2137171 0.101518487036826
2802914 2504489 0.10151671345083
2306446 912428 0.101329615524081
2785834 2565411 0.101329569226927
2897050 1456905 0.101239414999432
1870474 1711833 0.101170283235251
2395279 1006360 0.10114329565352
2123358 2005588 0.101116544522472
2123358 2123356 0.101088123306233
3226139 2039997 0.101012386788371
1489748 1489611 0.100878063543419
2514150 1931141 0.100872253013834
1489805 1489611 0.100863589413667
3039989 2825891 0.100727566856895
3039988 2825891 0.100727566856895
1489611 1489551 0.100705739623897
2306446 1338779 0.100668315637147
1489720 1489611 0.100659447372637
1489742 1489611 0.100652671495517
2619835 2619834 0.100650267651818
1489750 1489611 0.100634110586872
2306446 1731965 0.100626563673781
1489690 1489611 0.100571475385698
4404163 2383845 0.100559355695138
1489780 1489611 0.100537791854357
1489743 1489611 0.100536449667826
1489611 858340 0.100478642695493
1489611 858334 0.100478642695493
1489611 858313 0.100478642695493
1489611 858293 0.100478642695493
1489611 857742 0.100478642695493
1489611 857429 0.100478642695493
1489749 1489611 0.100438630763524
2306446 2306443 0.100437310890399
1489710 1489611 0.100427166313587
1489678 1489611 0.100401295762861
2828751 2825891 0.100388442877348
2828750 2825891 0.100388442877348
1489717 1489611 0.100387735484364
2619835 1155774 0.100376404557462
1489684 1489611 0.100376237901889
1489732 1489611 0.100355751389597
2619835 1200427 0.100341100218228
1489790 1489611 0.100308624849935
1489637 1489611 0.100307508988344
1489722 1489611 0.100300349534103
1489723 1489611 0.100286820298813
1489686 1489611 0.100280592148092
1489719 1489611 0.100266725250609
1489658 1489611 0.1002591559365
1489691 1489611 0.100257874364316
1489636 1489611 0.100254227298028
1489643 1489611 0.100253937240937
1489611 1489592 0.100239824234129
1489611 1489607 0.100238046210887
1489611 1472219 0.100233470893968
1489768 1489611 0.100224445730182
1489706 1489611 0.100220790474865
1489611 1489473 0.100213295373747
1489676 1489611 0.100211707226115
1489615 1489611 0.100203242859492
1489652 1489611 0.100202603791334
1489762 1489611 0.100200867496996
1489713 1489611 0.100191601677857
1489755 1489611 0.1001874939931
1489644 1489611 0.100184648375868
1489611 1489603 0.100174568882831
1489611 1489576 0.100174472372068
1489611 1489547 0.100160148796388
1489763 1489611 0.100153806326552
1489708 1489611 0.100147141204853
1489767 1489611 0.100141545023615
1489665 1489611 0.100132635562394
1489761 1489611 0.100126981211856
1489656 1489611 0.100125447921907
1489611 1433962 0.100115826303892
1489709 1489611 0.100113753854525
3787146 2273747 0.097785601595131
3787144 2273747 0.097785601595131
3810967 3810966 0.097577257129839
4519411 3810966 0.097249069233273
4534267 1140060 0.09685191582965
4404164 2383845 0.0956546813856
3787167 2273747 0.095403303731029
3790298 3789318 0.094733939036141
3790298 2779578 0.094595526471472
4338838 4030998 0.093177736999185
4534267 3169889 0.093123395319127
4338842 4338838 0.092138736400302
3874568 3874555 0.092009510938989
4473483 3874568 0.091622411559174
3762810 1915250 0.091191330029533
4183568 1336444 0.091147960968616
4183567 1336444 0.091147960968616
4183566 1336444 0.091147960968616
4624871 3874568 0.091038927062543
4338838 4031001 0.090518893895405
4338838 4031000 0.090518890923335
3969910 3118604 0.090390164290558
2151721 612262 0.090286056489397
3107453 2571183 0.090198337227807
4338838 3879921 0.090135217856831
3787148 2273747 0.089824312565518
2820468 1685781 0.089489830874117
2248428 1685781 0.089466119432881
2248427 1685781 0.089466119432881
4048445 2803260 0.088778945295432
3300489 2803260 0.088283411266053
3105877 1336444 0.087736471833029
3105875 1336444 0.087736471833029
962635 962615 0.087463785581205
2306446 2306435 0.087461453915537
3460555 1685781 0.08744524607867
3460554 1685781 0.08744524607867
3460553 1685781 0.08744524607867
3460552 1685781 0.08744524607867
3460550 1685781 0.08744524607867
1685786 1685781 0.087424316856393
1685785 1685781 0.087424316856393
1685782 1685781 0.087424316856393
2273758 2273747 0.087282525707239
2273757 2273747 0.087282525707239
2273754 2273747 0.087282525707239
2273752 2273747 0.087282525707239
2273751 2273747 0.087282525707239
2273748 2273747 0.087282525707239
258775 258713 0.087273795586141
258774 258713 0.087273795586141
258772 258713 0.087273795586141
4534267 4177847 0.087114448493924
2306446 1796118 0.087056935859156
3300488 2803260 0.086964570047623
3300485 2803260 0.086962566230893
2151721 873161 0.086849468473072
3934324 3118604 0.08666761400744
3300487 2803260 0.086608149038934
2383845 2383832 0.086430610919584
3518407 1113182 0.086336360311933
2306446 1338777 0.086304226453806
2418673 1685781 0.086204685739005
2418672 1685781 0.086204685739005
1870474 1695988 0.086152275303255
1870474 1695991 0.086064554814068
2796484 398863 0.085970389892758
2256829 1113182 0.085837626158011
258760 258713 0.085759392048747
3107453 2769656 0.085714747539801
3810966 3406474 0.085553078376357
3427386 2303115 0.084190424300203
258737 258713 0.083804491732215
4338838 1872909 0.08376525310962
3300493 2803260 0.083335819552006
3300492 2803260 0.083335819552006
3300491 2803260 0.083335819552006
3418167 3118604 0.082863493060311
3418166 3118604 0.082863493060311
258713 258696 0.082764309307274
3968032 2383845 0.081370487942231
3446894 3446892 0.081273874784416
962649 962615 0.081253409136485
599886 599825 0.081185985697794
3874568 3874556 0.08078713320094
3810966 3406475 0.080673914401515
962685 962615 0.080518809652267
962680 962615 0.080518809652267
962679 962615 0.080518809652267
962677 962615 0.080518809652267
962676 962615 0.080518809652267
962674 962615 0.080518809652267
3874568 3874553 0.080383871909936
4205145 2529153 0.079739069806348
258733 258713 0.07959311381456
4446315 3516687 0.079502137926456
2619835 2619832 0.079179859428696
4048446 2803260 0.07888903982977
3107453 1703610 0.078825527613344
3300490 2803260 0.078580833336404
3226139 3205689 0.078515586884238
3248564 2619835 0.078496647802181
3226139 3226135 0.078264407287393
4264883 965552 0.078112861406095
258713 258699 0.078062183531126
3874568 3873086 0.077981046054555
