4349753 4349752 0.600002583342499
2306449 2306446 0.600002356571294
2151721 2151719 0.60000220358532
3775541 3775540 0.600001050895607
3643162 3643160 0.600000988880085
3643161 3643160 0.600000988880085
4602461 3521600 0.60000073313639
3382870 3382869 0.600000300712376
4793072 4793071 0.599999979522633
4793072 4793070 0.599999979522633
4325876 4325875 0.599999977354134
3862639 3862638 0.599999823548242
4325875 3605572 0.359999977354134
4534269 4534267 0.325194326799459
4534268 4534267 0.325194326799459
4349753 4349751 0.321098857854662
3828236 2804898 0.305582446638466
3107453 3107452 0.304171767973888
2306451 2306446 0.304089362949671
2306452 2306446 0.303160000680737
4029657 2799827 0.303112893780182
3226141 3226139 0.302925275581175
3226140 3226139 0.302925275581175
2303117 2303115 0.302049347747654
4009552 2303115 0.302048141057302
3862640 3862639 0.301750442520773
3862639 3862637 0.301750442520773
4602462 3521600 0.301682213949742
2306446 2306444 0.301369355761005
2306448 2306446 0.301278025369251
2619836 2619835 0.300877532429812
2619835 2619833 0.300877532429812
3695406 2619835 0.300876081744863
3874572 3874568 0.300703716705051
3874568 3874564 0.300703716705051
3874568 3874552 0.300703716705051
1931142 1931141 0.300539061792671
4349754 4349753 0.30000129167125
2796484 213442 0.300000864714201
4349753 4349742 0.223559780420317
4349753 4349744 0.21682788291074
3775540 571889 0.208439442910367
3904065 3521600 0.203836884248693
4793072 3411814 0.202977759022653
2306447 2306446 0.202915486617683
2212600 2123358 0.202857996827797
4012271 3521600 0.202204495445621
3258026 1006360 0.202104318825149
3018491 1006360 0.202029675442786
3018490 1006360 0.202029675442786
3018489 1006360 0.202029675442786
2123358 2123352 0.201984556404496
2297580 2297579 0.201161220087574
3382869 2836530 0.201132564930947
2565412 2565411 0.201090092852271
3762810 3107307 0.2009372659373
2796484 2667158 0.200704903679788
2785835 2565411 0.200638589651165
2785831 2565411 0.200638589651165
2648500 2565411 0.200638589651165
3107453 2342343 0.200609818128342
4349753 3032931 0.200505109724167
1489792 1489611 0.200223674069618
1489791 1489611 0.200223674069618
1489789 1489611 0.200223674069618
1489787 1489611 0.200223674069618
1489785 1489611 0.200223674069618
1489781 1489611 0.200223674069618
1489775 1489611 0.200223674069618
1489772 1489611 0.200223674069618
1489771 1489611 0.200223674069618
1489770 1489611 0.200223674069618
1489769 1489611 0.200223674069618
1489766 1489611 0.200223674069618
1489765 1489611 0.200223674069618
1489764 1489611 0.200223674069618
1489760 1489611 0.200223674069618
1489759 1489611 0.200223674069618
1489758 1489611 0.200223674069618
1489757 1489611 0.200223674069618
1489754 1489611 0.200223674069618
1489752 1489611 0.200223674069618
1489751 1489611 0.200223674069618
1489747 1489611 0.200223674069618
1489746 1489611 0.200223674069618
1489745 1489611 0.200223674069618
1489737 1489611 0.200223674069618
1489734 1489611 0.200223674069618
1489730 1489611 0.200223674069618
1489726 1489611 0.200223674069618
1489725 1489611 0.200223674069618
1489724 1489611 0.200223674069618
1489721 1489611 0.200223674069618
1489712 1489611 0.200223674069618
1489711 1489611 0.200223674069618
1489696 1489611 0.200223674069618
1489681 1489611 0.200223674069618
1489680 1489611 0.200223674069618
1489677 1489611 0.200223674069618
1489675 1489611 0.200223674069618
1489672 1489611 0.200223674069618
1489671 1489611 0.200223674069618
1489667 1489611 0.200223674069618
1489657 1489611 0.200223674069618
1489629 1489611 0.200223674069618
1489613 1489611 0.200223674069618
1489611 1489580 0.200223674069618
1489611 1489552 0.200223674069618
1006360 1006355 0.20019299075285
3382869 1500465 0.200109238188252
3834236 2802914 0.191372212008699
3793034 3790298 0.185094762685833
4534270 4534267 0.184869064937261
4103299 2737893 0.18149706695758
4349753 4349743 0.178395062351523
4774767 2383845 0.176649718843377
3828236 2804900 0.174488459674548
3790298 3790296 0.170238429630575
2897051 2897050 0.163636276163736
3004388 2802914 0.16000487934074
3874571 3874568 0.158903877089889
4793072 2999976 0.15747045307525
3506885 3446892 0.157417955058058
3506886 3446892 0.156703249446888
4153961 4153960 0.156160029450748
3874568 3874560 0.155592962662494
2303115 2303114 0.155451158290614
3775540 2884465 0.154450584891733
3874568 3874566 0.154179332203085
4153961 3965030 0.153445321442089
3874570 3874568 0.153138158758428
3874568 3873089 0.153044488943597
3874568 2797190 0.15300687843281
2303116 2303115 0.152811158433813
3382869 1475372 0.152752979211694
4447558 2984572 0.152052377543737
258770 258713 0.152028994691187
258769 258713 0.152028994691187
258768 258713 0.152028994691187
258764 258713 0.152028994691187
258763 258713 0.152028994691187
258762 258713 0.152028994691187
258758 258713 0.152028994691187
258757 258713 0.152028994691187
258756 258713 0.152028994691187
258744 258713 0.152028994691187
258741 258713 0.152028994691187
258739 258713 0.152028994691187
258728 258713 0.152028994691187
258725 258713 0.152028994691187
258724 258713 0.152028994691187
258723 258713 0.152028994691187
258719 258713 0.152028994691187
258713 258710 0.152028994691187
258713 258706 0.152028994691187
258713 258703 0.152028994691187
258713 258698 0.152028994691187
258713 258690 0.152028994691187
258713 258689 0.152028994691187
258713 258688 0.152028994691187
258713 258687 0.152028994691187
258713 258685 0.152028994691187
258713 258680 0.152028994691187
258713 258678 0.152028994691187
258713 258677 0.152028994691187
258713 258665 0.152028994691187
258713 258612 0.152028994691187
2619835 2619831 0.151836348818541
2897050 347649 0.151687995655649
2897052 2897050 0.151654935244251
3874568 3874565 0.151370933631753
2306446 1796258 0.151339601607809
2796484 2502677 0.151174235896424
4349753 4349750 0.151147179007402
1806347 1806343 0.150665359818377
2189812 223361 0.150493821989689
2105346 258713 0.150397723953057
2105344 258713 0.150397723953057
2105343 258713 0.150397723953057
2105342 258713 0.150397723953057
2105341 258713 0.150397723953057
2105340 258713 0.150397723953057
1931141 1715295 0.150321655852241
2652431 223361 0.15031305660942
2151721 1858088 0.150308078272178
3065196 1142370 0.15029123850325
3800325 587294 0.150094813706582
587621 587294 0.15007684966988
587609 587294 0.15007684966988
587608 587294 0.15007684966988
587607 587294 0.15007684966988
587603 587294 0.15007684966988
587599 587294 0.15007684966988
587308 587294 0.150055875256111
587295 587294 0.150055875256111
587294 587273 0.150055875256111
2117482 587294 0.150051389122884
2117477 587294 0.150051389122884
2117476 587294 0.150051389122884
2117475 587294 0.150051389122884
223502 223361 0.150042304938443
223501 223361 0.150042304938443
223500 223361 0.150042304938443
223499 223361 0.150042304938443
223494 223361 0.150042304938443
223493 223361 0.150042304938443
223492 223361 0.150042304938443
223491 223361 0.150042304938443
223488 223361 0.150042304938443
223485 223361 0.150042304938443
223484 223361 0.150042304938443
223483 223361 0.150042304938443
223480 223361 0.150042304938443
223476 223361 0.150042304938443
223475 223361 0.150042304938443
223472 223361 0.150042304938443
223469 223361 0.150042304938443
223467 223361 0.150042304938443
223465 223361 0.150042304938443
223462 223361 0.150042304938443
223460 223361 0.150042304938443
223457 223361 0.150042304938443
223456 223361 0.150042304938443
223455 223361 0.150042304938443
223452 223361 0.150042304938443
223450 223361 0.150042304938443
223449 223361 0.150042304938443
223444 223361 0.150042304938443
223443 223361 0.150042304938443
223441 223361 0.150042304938443
223440 223361 0.150042304938443
223438 223361 0.150042304938443
223435 223361 0.150042304938443
223434 223361 0.150042304938443
223433 223361 0.150042304938443
223423 223361 0.150042304938443
223421 223361 0.150042304938443
223414 223361 0.150042304938443
223411 223361 0.150042304938443
223409 223361 0.150042304938443
223398 223361 0.150042304938443
223390 223361 0.150042304938443
223361 223167 0.150042304938443
223361 223164 0.150042304938443
2151721 1307610 0.150020705478266
3768798 3446892 0.150000352115504
2802914 2802912 0.149554635004197
2802914 2802913 0.149554546431731
3790298 3790295 0.148587801701518
3790299 3790298 0.148279365115277
4550823 3184403 0.138296203972511
3515466 2664526 0.132903917975049
4534267 4276345 0.132298067220986
4349753 1976834 0.130397640050153
3790298 3790297 0.129515528407538
3790298 3790294 0.129482034663593
3790301 3790298 0.129250561972031
4756899 3184403 0.126788373009931
3654105 3521600 0.126650411264801
2796484 2796483 0.126447717050459
4338841 4338838 0.125916720118205
4338840 4338838 0.124649984241483
2796484 1174347 0.12433125833711
3107453 2717723 0.123690400558793
2306446 2306445 0.123187783559729
3827665 3521600 0.122633557282734
2306446 2306437 0.122043455109516
2739086 599825 0.121993379743352
3654111 3521600 0.121940398979692
4029657 3456925 0.121660519734665
2306446 2306442 0.121372138374074
599875 599825 0.12069869882054
1720719 599825 0.120598329645281
1870474 526666 0.120458350977399
2664581 599825 0.12022424140564
2664577 599825 0.12022424140564
2907739 2842020 0.120082719420713
2907736 2842020 0.120082719420713
2842020 2842019 0.120075721942318
2842020 2842018 0.120075721942318
3382869 806252 0.120052865547157
2911196 2842020 0.12002377272022
2911194 2842020 0.12002377272022
2911193 2842020 0.12002377272022
1870474 1279495 0.120021943012353
3446893 3446892 0.119345914921237
3874568 2896089 0.11718669570996
4338839 4338838 0.117013669011252
3810966 3406476 0.116322090627422
4338843 4338838 0.114853096973805
3790300 3790298 0.114801700196039
3515466 2195964 0.113729442437867
3874569 3874568 0.111466380289209
3184403 3184401 0.110714590561947
3184403 3184399 0.110714590561947
4722790 3660371 0.110265795586494
3874568 3874557 0.106842722267906
3874568 3874558 0.106437407481489
2619837 2619835 0.105471028654982
4338838 4030999 0.105449860358315
3775540 2889445 0.10527953925846
2303115 2303113 0.104771385659721
3256217 3184403 0.104652796971888
3256214 3184403 0.104652796971888
3874568 3846466 0.104409890205785
4447558 3892185 0.104319381697765
3107453 1703618 0.104192984503299
3874568 3874567 0.103759759511733
3643160 1506879 0.103706196031263
2151721 562197 0.103378474469467
4338838 4030991 0.103156097999196
3881061 1806343 0.10273168196653
4006601 3226139 0.102556896481386
1489611 1489572 0.102256832962492
3874568 3846526 0.102061759540287
3226139 3226138 0.102016506817517
3296001 3296000 0.101858989566578
3296001 2137171 0.101518487036826
2802914 2504489 0.10151671345083
2306446 912428 0.101329615524081
2785834 2565411 0.101329569226927
2897050 1456905 0.101239414999432
1870474 1711833 0.101170283235251
2395279 1006360 0.10114329565352
2123358 2005588 0.101116544522472
2123358 2123356 0.101088123306233
3226139 2039997 0.101012386788371
1489748 1489611 0.100878063543419
2514150 1931141 0.100872253013834
1489805 1489611 0.100863589413667
3039989 2825891 0.100727566856895
3039988 2825891 0.100727566856895
1489611 1489551 0.100705739623897
2306446 1338779 0.100668315637147
1489720 1489611 0.100659447372637
1489742 1489611 0.100652671495517
2619835 2619834 0.100650267651818
1489750 1489611 0.100634110586872
2306446 1731965 0.100626563673781
1489690 1489611 0.100571475385698
4404163 2383845 0.100559355695138
1489780 1489611 0.100537791854357
1489743 1489611 0.100536449667826
1489611 858340 0.100478642695493
1489611 858334 0.100478642695493
1489611 858313 0.100478642695493
1489611 858293 0.100478642695493
1489611 857742 0.100478642695493
1489611 857429 0.100478642695493
1489749 1489611 0.100438630763524
2306446 2306443 0.100437310890399
1489710 1489611 0.100427166313587
1489678 1489611 0.100401295762861
2828751 2825891 0.100388442877348
2828750 2825891 0.100388442877348
1489717 1489611 0.100387735484364
2619835 1155774 0.100376404557462
1489684 1489611 0.100376237901889
1489732 1489611 0.100355751389597
2619835 1200427 0.100341100218228
1489790 1489611 0.100308624849935
1489637 1489611 0.100307508988344
1489722 1489611 0.100300349534103
1489723 1489611 0.100286820298813
1489686 1489611 0.100280592148092
1489719 1489611 0.100266725250609
1489658 1489611 0.1002591559365
1489691 1489611 0.100257874364316
1489636 1489611 0.100254227298028
1489643 1489611 0.100253937240937
1489611 1489592 0.100239824234129
1489611 1489607 0.100238046210887
1489611 1472219 0.100233470893968
1489768 1489611 0.100224445730182
1489706 1489611 0.100220790474865
1489611 1489473 0.100213295373747
1489676 1489611 0.100211707226115
1489615 1489611 0.100203242859492
1489652 1489611 0.100202603791334
1489762 1489611 0.100200867496996
1489713 1489611 0.100191601677857
1489755 1489611 0.1001874939931
1489644 1489611 0.100184648375868
1489611 1489603 0.100174568882831
1489611 1489576 0.100174472372068
1489611 1489547 0.100160148796388
1489763 1489611 0.100153806326552
1489708 1489611 0.100147141204853
1489767 1489611 0.100141545023615
1489665 1489611 0.100132635562394
1489761 1489611 0.100126981211856
1489656 1489611 0.100125447921907
1489611 1433962 0.100115826303892
1489709 1489611 0.100113753854525
3787146 2273747 0.097785601595131
3787144 2273747 0.097785601595131
3810967 3810966 0.097577257129839
4519411 3810966 0.097249069233273
4534267 1140060 0.09685191582965
4404164 2383845 0.0956546813856
3787167 2273747 0.095403303731029
3790298 3789318 0.094733939036141
3790298 2779578 0.094595526471472
4338838 4030998 0.093177736999185
4534267 3169889 0.093123395319127
4338842 4338838 0.092138736400302
3874568 3874555 0.092009510938989
4473483 3874568 0.091622411559174
3762810 1915250 0.091191330029533
4183568 1336444 0.091147960968616
4183567 1336444 0.091147960968616
4183566 1336444 0.091147960968616
4624871 3874568 0.091038927062543
4338838 4031001 0.090518893895405
4338838 4031000 0.090518890923335
3969910 3118604 0.090390164290558
2151721 612262 0.090286056489397
3107453 2571183 0.090198337227807
4338838 3879921 0.090135217856831
3787148 2273747 0.089824312565518
2820468 1685781 0.089489830874117
2248428 1685781 0.089466119432881
2248427 1685781 0.089466119432881
4048445 2803260 0.088778945295432
3300489 2803260 0.088283411266053
3105877 1336444 0.087736471833029
3105875 1336444 0.087736471833029
962635 962615 0.087463785581205
2306446 2306435 0.087461453915537
3460555 1685781 0.08744524607867
3460554 1685781 0.08744524607867
3460553 1685781 0.08744524607867
3460552 1685781 0.08744524607867
3460550 1685781 0.08744524607867
1685786 1685781 0.087424316856393
1685785 1685781 0.087424316856393
1685782 1685781 0.087424316856393
2273758 2273747 0.087282525707239
2273757 2273747 0.087282525707239
2273754 2273747 0.087282525707239
2273752 2273747 0.087282525707239
2273751 2273747 0.087282525707239
2273748 2273747 0.087282525707239
258775 258713 0.087273795586141
258774 258713 0.087273795586141
258772 258713 0.087273795586141
4534267 4177847 0.087114448493924
2306446 1796118 0.087056935859156
3300488 2803260 0.086964570047623
3300485 2803260 0.086962566230893
2151721 873161 0.086849468473072
3934324 3118604 0.08666761400744
3300487 2803260 0.086608149038934
2383845 2383832 0.086430610919584
3518407 1113182 0.086336360311933
2306446 1338777 0.086304226453806
2418673 1685781 0.086204685739005
2418672 1685781 0.086204685739005
1870474 1695988 0.086152275303255
1870474 1695991 0.086064554814068
2796484 398863 0.085970389892758
2256829 1113182 0.085837626158011
258760 258713 0.085759392048747
3107453 2769656 0.085714747539801
3810966 3406474 0.085553078376357
3427386 2303115 0.084190424300203
258737 258713 0.083804491732215
4338838 1872909 0.08376525310962
3300493 2803260 0.083335819552006
3300492 2803260 0.083335819552006
3300491 2803260 0.083335819552006
3418167 3118604 0.082863493060311
3418166 3118604 0.082863493060311
258713 258696 0.082764309307274
3968032 2383845 0.081370487942231
3446894 3446892 0.081273874784416
962649 962615 0.081253409136485
599886 599825 0.081185985697794
3874568 3874556 0.08078713320094
3810966 3406475 0.080673914401515
962685 962615 0.080518809652267
962680 962615 0.080518809652267
962679 962615 0.080518809652267
962677 962615 0.080518809652267
962676 962615 0.080518809652267
962674 962615 0.080518809652267
3874568 3874553 0.080383871909936
4205145 2529153 0.079739069806348
258733 258713 0.07959311381456
4446315 3516687 0.079502137926456
2619835 2619832 0.079179859428696
4048446 2803260 0.07888903982977
3107453 1703610 0.078825527613344
3300490 2803260 0.078580833336404
3226139 3205689 0.078515586884238
3248564 2619835 0.078496647802181
3226139 3226135 0.078264407287393
4264883 965552 0.078112861406095
258713 258699 0.078062183531126
3874568 3873086 0.077981046054555
4447558 3122433 0.077906308908605
2897050 339872 0.077845230417305
4364073 965552 0.077810087069488
4364072 965552 0.077810087069488
4364071 965552 0.077810087069488
4364070 965552 0.077810087069488
4364069 965552 0.077810087069488
2619835 2619604 0.077727604745092
258746 258713 0.077600061405279
258731 258713 0.077515256238107
258713 258632 0.077101135307056
258713 258694 0.077047088435256
3643160 2590375 0.076969024139103
2619835 2365646 0.076936161281091
3803636 1142370 0.076916039512122
258713 258663 0.07688200070876
2151721 612224 0.076728735546321
3184403 3184402 0.07669005191551
2303115 725914 0.076657519531156
3560021 965552 0.076607983865855
258742 258713 0.076508974903366
4534267 3519597 0.076479649853594
258765 258713 0.076335777126997
258754 258713 0.076335777126997
258766 258713 0.076210281319663
3803635 1142370 0.076174180932759
258713 258656 0.076093066664709
223490 223361 0.07599137274643
965552 965551 0.075979317822316
2897050 1481400 0.075938635078135
587605 587294 0.075878678036652
3803637 1142370 0.075870871262555
2303115 1103620 0.075847085668612
2117479 587294 0.075836824260546
2383845 2383844 0.075808734901899
2306446 2306439 0.075801761787547
2105345 258713 0.075791322764388
2109051 223361 0.075768351815886
3422458 2303115 0.075716158155701
3775540 3695974 0.075712256011236
2402076 1625738 0.075684475502976
3874568 2896072 0.075601324333474
1142370 1142369 0.075563754700323
2105335 258713 0.07554542726161
2306446 2016209 0.075523739779425
2303119 2303115 0.075512534880355
2303118 2303115 0.075512354588343
1806346 1806343 0.075502133114931
223478 223361 0.075502109598474
223424 223361 0.075502006867679
2105337 258713 0.075487633394561
2117472 587294 0.075383740634278
4048443 2803260 0.075375338931238
3065197 1142370 0.075368559751403
2652435 223361 0.075345315411769
587294 585616 0.075338511803105
587294 585612 0.075338511803105
587294 585610 0.075338511803105
4048444 2803260 0.075296800981706
1580066 587294 0.075275821634775
587310 587294 0.075270775741496
587294 224522 0.07526267121613
223487 223361 0.075212675166664
2028159 587294 0.075201090973039
1293753 223361 0.075192695945469
3069639 587294 0.075186447157843
223361 156052 0.075178578525705
2117471 587294 0.075161823257501
1142370 1142368 0.075123344604798
223395 223361 0.075117110939915
587298 587294 0.075109330393
587296 587294 0.075104883804633
223463 223361 0.075071994604148
223446 223361 0.075063854472285
223439 223361 0.075063854472285
587294 586524 0.075060171607218
223474 223361 0.075052149323938
223361 223305 0.07505171380429
587550 587294 0.075050736413164
587571 587294 0.075050187459808
587294 587275 0.075050153147159
587567 587294 0.075045075215018
587294 587171 0.075044344171234
1875635 587294 0.075042049503109
587306 587294 0.075040531076566
587611 587294 0.075038512070763
759740 587294 0.075031052622262
587294 587254 0.075030518937268
223361 223106 0.075027001856138
2117483 587294 0.075026247096408
2117473 587294 0.075025694561442
223432 223361 0.075023473058725
223445 223361 0.075022548136052
223371 223361 0.075021952801019
223361 223296 0.075021672511341
223401 223361 0.075021452101206
223497 223361 0.075021331279964
223375 223361 0.075021317744097
223496 223361 0.075021255471352
223448 223361 0.075021152469221
3515466 2664480 0.074404496977508
4378192 2200041 0.074102023545972
4318279 2383845 0.074089483509148
2796484 1955806 0.073967820586068
3758418 2529153 0.07365189050045
4782884 3516687 0.073487702992754
3300484 2803260 0.073062915185158
3643160 3617526 0.072874682444288
4534267 3169891 0.07285477322491
3107453 2571184 0.072721735243909
2897050 2897049 0.071824636173182
2151721 612226 0.071598777545416
2796484 2796482 0.071448616513449
2529158 2529153 0.070887666871607
2529157 2529153 0.070887666871607
2529156 2529153 0.070887666871607
2529155 2529153 0.070887666871607
2529153 2529146 0.070887666871607
3097739 2803260 0.070065868713122
2297580 1844113 0.069726870177823
258773 258713 0.068596262606753
3118607 3118604 0.068442736775914
3107453 1588048 0.068233897225062
4447558 4178612 0.068136317589495
2610329 2297580 0.068111053125669
2123358 2123355 0.067844856063021
4447558 3490931 0.067842569470303
1489701 1489611 0.067803049432365
3118604 2101398 0.067701782372322
1489611 858339 0.067675032125257
1006360 1006359 0.067611516197496
3775540 2889492 0.06754478593491
2803263 2803260 0.067501974478401
2803262 2803260 0.067501974478401
2565431 2565411 0.067492894562017
1489707 1489611 0.067419479385003
3874568 3874559 0.067343001756329
1489700 1489611 0.067317631047622
1489704 1489611 0.067301813731344
3762810 1606520 0.067258508044286
1489670 1489611 0.067255438126262
1489655 1489611 0.067235869362401
1489753 1489611 0.067221021077574
2565411 2259785 0.067191570646198
1489611 1489531 0.06718244752312
1870474 1705011 0.067141394526234
1489788 1489611 0.067120762594607
1489646 1489611 0.067109418377188
1489611 1489599 0.067100320614118
1489631 1489611 0.067080752960103
1489611 858333 0.067072780437595
1489756 1489611 0.067068385219878
1489611 857918 0.067067425198351
1489738 1489611 0.067066610494868
1489611 858230 0.067059373629707
1489659 1489611 0.067052394314336
1489744 1489611 0.067044164711923
1489731 1489611 0.067041112562252
1489740 1489611 0.067035343375681
4404165 2383845 0.067035009290751
1489692 1489611 0.067020007319359
1489728 1489611 0.067010722070652
1489611 1489526 0.067010016023572
1489640 1489611 0.06700047988379
1489622 1489611 0.066995193943012
1489611 1398612 0.066984476424906
1489739 1489611 0.066983558423451
1489611 1489608 0.066969459371511
1489611 1489579 0.066967641370008
1489777 1489611 0.066965366689558
1489733 1489611 0.066963036893227
1489611 1489542 0.066959000640804
1489798 1489611 0.066948789066142
1489611 521202 0.066947240715885
1489685 1489611 0.066944675537264
1489611 1489544 0.066940795037457
1489625 1489611 0.066940628879716
1489611 346415 0.066939493985354
1489611 342976 0.066927363219173
1435120 1435116 0.066926091640523
1489611 348134 0.066920385486591
1489679 1489611 0.066918557819131
1489611 1407845 0.066907829810497
1489651 1489611 0.06690681542572
1489682 1489611 0.066891096714867
1489611 1489548 0.066890206265003
1489624 1489611 0.066889366663056
1489611 1401291 0.06688885193568
1489611 1489555 0.066886789397866
1489611 1489550 0.066885101960021
1489689 1489611 0.066881013111623
2923540 1435116 0.066860019127901
2303115 1859080 0.066811716767711
2635909 1435116 0.066796435113133
1489663 1489611 0.066760184060979
1489778 1489611 0.066752271044132
2836677 1435116 0.066738447115544
1006362 1006360 0.06673147072967
1006363 1006360 0.066731462392562
3762810 2114047 0.06650185519478
4534267 3169888 0.066336511012257
2151721 2151720 0.066247258503081
3131912 2303115 0.065896728267551
2273749 2273747 0.065751046741986
3521600 2530594 0.06476703977527
2673170 457666 0.064418772818151
3651089 1068498 0.064196207247217
4404168 2383845 0.064115698100867
4153961 3522150 0.064040004967544
4810052 4534267 0.063781714073774
4798807 4534267 0.063781714073774
3184403 1662539 0.063646999518998
1344134 1068498 0.062801084029384
1344133 1068498 0.062801084029384
258713 258661 0.062372798982452
258761 258713 0.062372794259228
2619835 2365647 0.062364762849699
3241879 2619835 0.06218815694073
3700102 217755 0.062088304947091
3700088 217755 0.062048405253316
2074049 1931141 0.061797940119818
3226139 1233266 0.061678104101497
3955623 217755 0.061398426003011
3955622 217755 0.061398426003011
2491388 217755 0.061322764975444
3729987 217755 0.061318269585353
3729986 217755 0.061318269585353
4029657 3070091 0.061315037430882
1931141 1174710 0.061241688705129
1068498 1068493 0.06118982619237
258752 258713 0.061094598688953
1720722 599825 0.061061714439949
2529153 2529140 0.061015825358678
2306446 1663989 0.061010414600402
2726291 2619835 0.060958826636209
2303115 1654629 0.060927487631175
2753218 1494224 0.060886855413014
2306446 2306438 0.060776923222772
599878 599825 0.060776565440192
599879 599825 0.060712227650831
2303115 1027225 0.06064144563325
1494227 1494224 0.060493445375665
1494226 1494224 0.060493445375665
599877 599825 0.060482834794837
599876 599825 0.060364494484081
2664576 599825 0.060333137340485
3256216 3184403 0.060326192938089
2907737 2842020 0.060261837805353
2907738 2842020 0.060239074020473
3184403 3184400 0.060201457182904
1931141 215879 0.060200526666983
1931141 1931140 0.060158705381164
2907328 2842020 0.060151387305175
2842020 2618516 0.060102145174282
2842020 2842016 0.060065031170232
3300486 2803260 0.060045616558621
2842020 2832598 0.060031148693968
2911191 2842020 0.060018246297425
4133763 1494224 0.06
2123358 2123357 0.059298393788254
4404162 2383845 0.059106311639223
2383845 2383813 0.058865985028896
3107453 620298 0.058844668125546
3107453 2190932 0.058754244873952
962629 962615 0.05863473919731
2303115 2303111 0.058543666092678
2565411 1116220 0.058239848738398
2478744 2383845 0.057949554401618
2796484 1955807 0.057643605571538
3184403 2295908 0.057407949812429
3289317 1117213 0.057316694256761
3118605 3118604 0.05714877172665
2529153 2529139 0.056925120917147
3762810 2270132 0.056798691337826
3874568 2800322 0.056604461721664
4349753 2411130 0.05654171832823
4048447 2803260 0.056312351052837
4004371 2803260 0.056305791271001
3645752 1117213 0.055917392499162
3645751 1117213 0.055917392499162
3645750 1117213 0.055917392499162
3289325 1117213 0.055898041624102
2306446 2306436 0.055863369025492
3521600 1614452 0.055861222778617
3226139 2299456 0.055838311599861
2151721 1852245 0.05571495076981
1870474 1870473 0.055668134774092
4153961 3524533 0.055663117671422
1117220 1117213 0.055456266315245
1117213 1117204 0.055456266315245
2496606 1117213 0.055415568579678
2529154 2529153 0.055286333809632
3519628 1117213 0.055264054822038
4338838 1872899 0.05526248522673
3762810 1684373 0.055065592671188
1931141 626325 0.055064223937571
1870474 1072532 0.05499594423829
1870474 317602 0.054833799786025
2306446 722878 0.054820894482012
2404868 1117213 0.054761742144971
2151721 2151216 0.054714648165945
2529153 2529152 0.054704556539956
1194123 1117213 0.054593530117846
2151721 445641 0.054548247001579
1336445 1336444 0.054080225161455
3654104 3521600 0.053983494140388
3554217 2619835 0.053672517926934
4588615 757375 0.053602646286397
3025435 2803260 0.053533957675223
2297581 2297580 0.053515444107305
258738 258713 0.053190205523354
3827658 3521600 0.053126357259452
3427320 2303115 0.053101769371579
3874568 3874550 0.053061218688257
3256213 3184403 0.052743267414985
4048243 3119750 0.052640577448244
4338838 1872910 0.052559885800111
4447558 3480384 0.052454281219437
3810966 3810965 0.052317228617301
599836 599825 0.052315304805859
3226139 1344126 0.052139190951124
258713 258633 0.052005791953889
258736 258713 0.051955588909322
2803260 2259743 0.051775573592914
1489611 858337 0.051630990367825
4153961 114307 0.051625055925632
2955748 2297580 0.051578327336817
2273747 1723940 0.051555017087624
1489611 858049 0.051554569937551
4103299 424097 0.051449811195051
258713 258589 0.051415005959563
1489611 856420 0.051401253343713
3762810 1915249 0.051400660184875
4601408 3516687 0.051301489233623
3065195 1142370 0.051288912514917
1348802 258713 0.051264080085868
2297580 1746838 0.051236641731791
258743 258713 0.051169802066172
2652433 223361 0.051168752712613
258713 258679 0.051156142791413
2529153 2529151 0.051122099601907
258755 258713 0.051112294366543
2303115 2303110 0.051104032776086
3119755 3119750 0.051076153127213
3119753 3119750 0.051076153127213
3130787 1142370 0.051054346494671
3130801 1142370 0.050974436089094
3382869 1436761 0.050907898986518
2652434 223361 0.050868088518482
3107453 2269839 0.050849597841236
2897050 335002 0.050834832626302
2935267 2297580 0.050797774606735
1489611 858128 0.050774774532221
3039987 2825891 0.050720711636003
1489611 858338 0.050703283076337
1489702 1489611 0.050692217756676
2303115 626463 0.050676910225463
1489611 858053 0.050659563608463
587301 587294 0.050652717203284
587300 587294 0.050652715790607
2796484 1174346 0.050639363736941
3758416 2529153 0.050638044759438
4153961 2858893 0.050634119013768
3517205 3119750 0.050582715684525
1489797 1489611 0.050570846858506
2151721 261274 0.050533969898712
1489611 1441415 0.050533376332686
2109032 223361 0.050529481638802
1745014 1006360 0.050511075450005
4447558 2386799 0.050491586701603
223498 223361 0.05046991292424
1489715 1489611 0.050452442296681
1489741 1489611 0.05043532823931
1489611 858092 0.050434649576397
1489611 857963 0.050425594835889
1489611 858007 0.050424450637911
1489611 857155 0.050414671104882
2652428 223361 0.050398271291963
1489633 1489611 0.050389295528414
1489727 1489611 0.050388790593067
1006360 126417 0.050382799377837
1870474 1052248 0.05037946346587
2825891 2825890 0.050363072988038
1489716 1489611 0.050361841935668
4389791 4378192 0.050352527419091
1489664 1489611 0.05035098780611
3603776 677065 0.050343867004489
1489611 857734 0.050337012751561
587294 587293 0.05033610892035
1489695 1489611 0.050335330329667
1489611 857934 0.050330400523466
1489705 1489611 0.050329545844336
1489647 1489611 0.050311126628081
1489611 1489610 0.050304154194274
1489611 858336 0.050300917754367
2785832 2565411 0.050293260223746
1489611 858035 0.05028947013262
1489697 1489611 0.050288921539767
1489650 1489611 0.050284009797731
587294 585608 0.05028100744117
1489611 1403260 0.050275702048874
1489688 1489611 0.05027489711583
1489611 346416 0.050266545751777
1489611 1465966 0.050260240184853
1489611 1489486 0.050253882318044
1489611 856091 0.050253781960704
2037633 1142370 0.050253651418699
1489654 1489611 0.050248617035028
1489611 857192 0.050245088867493
1489611 1486584 0.050240973970397
1489616 1489611 0.050234672780108
1489611 1489490 0.05022460778774
1489674 1489611 0.050221206420844
1489611 1440066 0.05022009148214
587294 181970 0.050218945525999
1489793 1489611 0.050213692740051
1489611 1440431 0.050213482249848
1489611 1489508 0.050204975260029
2008385 223361 0.050200532856131
1489611 521337 0.050190976775778
1489611 1489559 0.050185483210293
587595 587294 0.050183327535105
2306450 2306446 0.050175643383999
1489611 521043 0.050174039995289
587525 587294 0.050166395335851
1489611 1489494 0.05016146875472
1489784 1489611 0.050160313626564
1870474 1870469 0.050154858946251
1489611 1469380 0.05013682479779
1489611 355919 0.050135612224357
587294 179930 0.050133123565945
587294 587276 0.050126876356199
587294 587173 0.050125769260718
3065194 1142370 0.050123291937576
1489694 1489611 0.050118707288336
587526 587294 0.050113580876334
587294 587284 0.050109995995872
1489611 1489609 0.050105887846918
1489611 519751 0.050103478129339
1489611 807332 0.050098908162942
587618 587294 0.050095944186634
2151721 612237 0.050092414763991
1489611 521004 0.050092336237458
1489611 1489469 0.05008502187791
1489611 1364425 0.050084358712229
1489703 1489611 0.050081232212792
587530 587294 0.050067583897525
587294 587280 0.050059563674896
223458 223361 0.050059062335845
223361 223030 0.050056844940735
223361 223136 0.050050656663002
223461 223361 0.050050622843148
587294 587193 0.050047165542214
223361 223121 0.050044520131941
587309 587294 0.050041576606999
587294 587285 0.050040819326584
587297 587294 0.050040037350234
587294 587203 0.050038228453195
223413 223361 0.050036543193297
223377 223361 0.050032611203182
587294 587172 0.050029679104682
223361 223297 0.050027046836509
2104556 587294 0.050025933393296
1265877 587294 0.050025314984601
587294 587281 0.050019482762036
223431 223361 0.050014646271022
223442 223361 0.050014586427869
223403 223361 0.050014446181821
223479 223361 0.050014102157469
4424374 2030631 0.049713383236857
3603777 677065 0.049660706589916
3878416 677065 0.04965617680162
3446892 3033398 0.049640875269061
4338838 1872911 0.049440055520601
3775540 2884463 0.04938739042534
3427344 2303115 0.049346053654411
2529153 2529142 0.04919440146697
4338838 1872873 0.048959363496317
2306446 1622756 0.048789799777238
3862639 586800 0.048770186992526
3118606 3118604 0.048730985454114
2529153 2524755 0.048729184501771
599885 599825 0.04863202541769
4446314 3516687 0.048597757052025
3516687 2654885 0.048552692203081
2842020 1386637 0.048181283582926
3516688 3516687 0.048158888215803
2529153 2529145 0.04799865394747
4050350 1743417 0.047979922043688
258713 258672 0.047933811744917
3118604 2101402 0.047899833066397
2529153 2529149 0.047688540956703
2619835 1569202 0.047575465217738
677065 677062 0.047503794287999
3118608 3118604 0.047393289999665
3874568 3846463 0.04734517102308
3086830 2273747 0.047153609186346
1113182 31906 0.047137958875169
3272548 2273747 0.047033901235573
3202198 965552 0.046980383860889
