1674607 1647551 0.600001539267575
1661236 1647551 0.600001539267575
1647551 1631981 0.600001539267575
1647551 1583829 0.600001539267575
1647551 1582759 0.600001539267575
1647551 1582415 0.600001539267575
1647551 1561294 0.600001539267575
1647551 1531401 0.600001539267575
1647551 1509830 0.600001539267575
1647551 1509827 0.600001539267575
1647551 1509818 0.600001539267575
1647551 1509817 0.600001539267575
1647551 1509816 0.600001539267575
1647551 1509815 0.600001539267575
1647551 1509814 0.600001539267575
1647551 1509813 0.600001539267575
1647551 1509812 0.600001539267575
1647551 1509811 0.600001539267575
1647551 1504494 0.600001539267575
1647551 1438079 0.600001539267575
1647551 1425874 0.600001539267575
1647551 1414037 0.600001539267575
1647551 1289143 0.600001539267575
1647551 1288195 0.600001539267575
1647551 1228212 0.600001539267575
1647551 1061196 0.600001539267575
1647551 1061193 0.600001539267575
1647551 1004786 0.600001539267575
1647551 258605 0.600001539267575
1647551 254471 0.600001539267575
1750178 827978 0.600001457267585
1734268 827978 0.600001457267585
1516923 827978 0.600001457267585
1491852 827978 0.600001457267585
1482489 827978 0.600001457267585
1459429 827978 0.600001457267585
1425252 827978 0.600001457267585
1395334 827978 0.600001457267585
1371335 827978 0.600001457267585
1347226 827978 0.600001457267585
1344462 827978 0.600001457267585
1281409 827978 0.600001457267585
1241101 827978 0.600001457267585
1236459 827978 0.600001457267585
1234957 827978 0.600001457267585
1142721 827978 0.600001457267585
1107609 827978 0.600001457267585
1097655 827978 0.600001457267585
1080748 827978 0.600001457267585
898040 827978 0.600001457267585
830355 827978 0.600001457267585
830352 827978 0.600001457267585
830351 827978 0.600001457267585
830350 827978 0.600001457267585
830349 827978 0.600001457267585
830348 827978 0.600001457267585
830342 827978 0.600001457267585
828360 827978 0.600001457267585
828358 827978 0.600001457267585
828301 827978 0.600001457267585
828252 827978 0.600001457267585
828239 827978 0.600001457267585
828090 827978 0.600001457267585
828085 827978 0.600001457267585
828084 827978 0.600001457267585
828068 827978 0.600001457267585
828012 827978 0.600001457267585
828009 827978 0.600001457267585
827982 827978 0.600001457267585
827980 827978 0.600001457267585
827979 827978 0.600001457267585
827978 827976 0.600001457267585
827978 827975 0.600001457267585
827978 827974 0.600001457267585
827978 827867 0.600001457267585
827978 827863 0.600001457267585
827978 827862 0.600001457267585
827978 827861 0.600001457267585
827978 827860 0.600001457267585
827978 827846 0.600001457267585
827978 827843 0.600001457267585
827978 827842 0.600001457267585
827978 827839 0.600001457267585
827978 827816 0.600001457267585
827978 827815 0.600001457267585
827978 827814 0.600001457267585
827978 827737 0.600001457267585
827978 823486 0.600001457267585
827978 823485 0.600001457267585
827978 823484 0.600001457267585
827978 793599 0.600001457267585
827978 792445 0.600001457267585
1785349 1504572 0.600000969599203
1785297 1504572 0.600000969599203
1784684 1504572 0.600000969599203
1782665 1504572 0.600000969599203
1782208 1504572 0.600000969599203
1781755 1504572 0.600000969599203
1779665 1504572 0.600000969599203
1776688 1504572 0.600000969599203
1776394 1504572 0.600000969599203
1776155 1504572 0.600000969599203
1776154 1504572 0.600000969599203
1776108 1504572 0.600000969599203
1775002 1504572 0.600000969599203
1771628 1504572 0.600000969599203
1770821 1504572 0.600000969599203
1770396 1504572 0.600000969599203
1767299 1504572 0.600000969599203
1767158 1504572 0.600000969599203
1766905 1504572 0.600000969599203
1766144 1504572 0.600000969599203
1766143 1504572 0.600000969599203
1766085 1504572 0.600000969599203
1761890 1504572 0.600000969599203
1760123 1504572 0.600000969599203
1758934 1504572 0.600000969599203
1758605 1504572 0.600000969599203
1758591 1504572 0.600000969599203
1757145 1504572 0.600000969599203
1757103 1504572 0.600000969599203
1756486 1504572 0.600000969599203
1756193 1504572 0.600000969599203
1754084 1504572 0.600000969599203
1752713 1504572 0.600000969599203
1752427 1504572 0.600000969599203
1752389 1504572 0.600000969599203
1752246 1504572 0.600000969599203
1751524 1504572 0.600000969599203
1751518 1504572 0.600000969599203
1751510 1504572 0.600000969599203
1750299 1504572 0.600000969599203
1749818 1504572 0.600000969599203
1749306 1504572 0.600000969599203
1749057 1504572 0.600000969599203
1746209 1504572 0.600000969599203
1745627 1504572 0.600000969599203
1745515 1504572 0.600000969599203
1744840 1504572 0.600000969599203
1744729 1504572 0.600000969599203
1744401 1504572 0.600000969599203
1743194 1504572 0.600000969599203
1742934 1504572 0.600000969599203
1742888 1504572 0.600000969599203
1741706 1504572 0.600000969599203
1741294 1504572 0.600000969599203
1741291 1504572 0.600000969599203
1740510 1504572 0.600000969599203
1739343 1504572 0.600000969599203
1737941 1504572 0.600000969599203
1737900 1504572 0.600000969599203
1737398 1504572 0.600000969599203
1737228 1504572 0.600000969599203
1735157 1504572 0.600000969599203
1734501 1504572 0.600000969599203
1734276 1504572 0.600000969599203
1731100 1504572 0.600000969599203
1730846 1504572 0.600000969599203
1729856 1504572 0.600000969599203
1729670 1504572 0.600000969599203
1729660 1504572 0.600000969599203
1729523 1504572 0.600000969599203
1728640 1504572 0.600000969599203
1726097 1504572 0.600000969599203
1725693 1504572 0.600000969599203
1725548 1504572 0.600000969599203
1725263 1504572 0.600000969599203
1725121 1504572 0.600000969599203
1724891 1504572 0.600000969599203
1724428 1504572 0.600000969599203
1723900 1504572 0.600000969599203
1723393 1504572 0.600000969599203
1723385 1504572 0.600000969599203
1723376 1504572 0.600000969599203
1722743 1504572 0.600000969599203
1718849 1504572 0.600000969599203
1717204 1504572 0.600000969599203
1716669 1504572 0.600000969599203
1716616 1504572 0.600000969599203
1716324 1504572 0.600000969599203
1715787 1504572 0.600000969599203
1715314 1504572 0.600000969599203
1715236 1504572 0.600000969599203
1713461 1504572 0.600000969599203
1713385 1504572 0.600000969599203
1711765 1504572 0.600000969599203
1710980 1504572 0.600000969599203
1709033 1504572 0.600000969599203
1706391 1504572 0.600000969599203
1705992 1504572 0.600000969599203
1705799 1504572 0.600000969599203
1705561 1504572 0.600000969599203
1704790 1504572 0.600000969599203
1704473 1504572 0.600000969599203
1699609 1504572 0.600000969599203
1698621 1504572 0.600000969599203
1697494 1504572 0.600000969599203
1697442 1504572 0.600000969599203
1694078 1504572 0.600000969599203
1692647 1504572 0.600000969599203
1690283 1504572 0.600000969599203
1689950 1504572 0.600000969599203
1689904 1504572 0.600000969599203
1689595 1504572 0.600000969599203
1688690 1504572 0.600000969599203
1686909 1504572 0.600000969599203
1686343 1504572 0.600000969599203
1681838 1504572 0.600000969599203
1681712 1504572 0.600000969599203
1680268 1504572 0.600000969599203
1679262 1504572 0.600000969599203
1676732 1504572 0.600000969599203
1676363 1504572 0.600000969599203
1674275 1504572 0.600000969599203
1670397 1504572 0.600000969599203
1670182 1504572 0.600000969599203
1669850 1504572 0.600000969599203
1668493 1504572 0.600000969599203
1666805 1504572 0.600000969599203
1666466 1504572 0.600000969599203
1661152 1504572 0.600000969599203
1660068 1504572 0.600000969599203
1660023 1504572 0.600000969599203
1659381 1504572 0.600000969599203
1656634 1504572 0.600000969599203
1656316 1504572 0.600000969599203
1656239 1504572 0.600000969599203
1656004 1504572 0.600000969599203
1654232 1504572 0.600000969599203
1653099 1504572 0.600000969599203
1653070 1504572 0.600000969599203
1652335 1504572 0.600000969599203
1651743 1504572 0.600000969599203
1650720 1504572 0.600000969599203
1638270 1504572 0.600000969599203
1638229 1504572 0.600000969599203
1638217 1504572 0.600000969599203
1634773 1504572 0.600000969599203
1634769 1504572 0.600000969599203
1634401 1504572 0.600000969599203
1633170 1504572 0.600000969599203
1631632 1504572 0.600000969599203
1629627 1504572 0.600000969599203
1629285 1504572 0.600000969599203
1629238 1504572 0.600000969599203
1625913 1504572 0.600000969599203
1625909 1504572 0.600000969599203
1617706 1504572 0.600000969599203
1617314 1504572 0.600000969599203
1615014 1504572 0.600000969599203
1591148 1504572 0.600000969599203
1590117 1504572 0.600000969599203
1590094 1504572 0.600000969599203
1590065 1504572 0.600000969599203
1589927 1504572 0.600000969599203
1589913 1504572 0.600000969599203
1589823 1504572 0.600000969599203
1585346 1504572 0.600000969599203
1585120 1504572 0.600000969599203
1577808 1504572 0.600000969599203
1577807 1504572 0.600000969599203
1574921 1504572 0.600000969599203
1574701 1504572 0.600000969599203
1574011 1504572 0.600000969599203
1572490 1504572 0.600000969599203
1570559 1504572 0.600000969599203
1569911 1504572 0.600000969599203
1569895 1504572 0.600000969599203
1569727 1504572 0.600000969599203
1569724 1504572 0.600000969599203
1568734 1504572 0.600000969599203
1568145 1504572 0.600000969599203
1566158 1504572 0.600000969599203
1563319 1504572 0.600000969599203
1562989 1504572 0.600000969599203
1562695 1504572 0.600000969599203
1560842 1504572 0.600000969599203
1559648 1504572 0.600000969599203
1558424 1504572 0.600000969599203
1558098 1504572 0.600000969599203
1558043 1504572 0.600000969599203
1557981 1504572 0.600000969599203
1557604 1504572 0.600000969599203
1556269 1504572 0.600000969599203
1554754 1504572 0.600000969599203
1552828 1504572 0.600000969599203
1545718 1504572 0.600000969599203
1545098 1504572 0.600000969599203
1543779 1504572 0.600000969599203
1542195 1504572 0.600000969599203
1534453 1504572 0.600000969599203
1533325 1504572 0.600000969599203
1532903 1504572 0.600000969599203
1532564 1504572 0.600000969599203
1531162 1504572 0.600000969599203
1531100 1504572 0.600000969599203
1530516 1504572 0.600000969599203
1529643 1504572 0.600000969599203
1529480 1504572 0.600000969599203
1529279 1504572 0.600000969599203
1524999 1504572 0.600000969599203
1523867 1504572 0.600000969599203
1522634 1504572 0.600000969599203
1521719 1504572 0.600000969599203
1521611 1504572 0.600000969599203
1518706 1504572 0.600000969599203
1517859 1504572 0.600000969599203
1516589 1504572 0.600000969599203
1515005 1504572 0.600000969599203
1507365 1504572 0.600000969599203
1506013 1504572 0.600000969599203
1504572 1501593 0.600000969599203
1504572 1500764 0.600000969599203
1504572 1499285 0.600000969599203
1504572 1497961 0.600000969599203
1504572 1497959 0.600000969599203
1504572 1497470 0.600000969599203
1504572 1496292 0.600000969599203
1504572 1496279 0.600000969599203
1504572 1494488 0.600000969599203
1504572 1494447 0.600000969599203
1504572 1493812 0.600000969599203
1504572 1492888 0.600000969599203
1504572 1491720 0.600000969599203
1504572 1484759 0.600000969599203
1504572 1483745 0.600000969599203
1504572 1482738 0.600000969599203
1504572 1480990 0.600000969599203
1504572 1479151 0.600000969599203
1504572 1479060 0.600000969599203
1504572 1478444 0.600000969599203
1504572 1475153 0.600000969599203
1504572 1472625 0.600000969599203
1504572 1472612 0.600000969599203
1504572 1472501 0.600000969599203
1504572 1468941 0.600000969599203
1504572 1467844 0.600000969599203
1504572 1464552 0.600000969599203
1504572 1463041 0.600000969599203
1504572 1461852 0.600000969599203
1504572 1460693 0.600000969599203
1504572 1460455 0.600000969599203
1504572 1460055 0.600000969599203
1504572 1460053 0.600000969599203
1504572 1454394 0.600000969599203
1504572 1451506 0.600000969599203
1504572 1447727 0.600000969599203
1504572 1447224 0.600000969599203
1504572 1447170 0.600000969599203
1504572 1443554 0.600000969599203
1504572 1442676 0.600000969599203
1504572 1442673 0.600000969599203
1504572 1442331 0.600000969599203
1504572 1442235 0.600000969599203
1504572 1442231 0.600000969599203
1504572 1442125 0.600000969599203
1504572 1441833 0.600000969599203
1504572 1439688 0.600000969599203
1504572 1438088 0.600000969599203
1504572 1436923 0.600000969599203
1504572 1434365 0.600000969599203
1504572 1434364 0.600000969599203
1504572 1432894 0.600000969599203
1504572 1425932 0.600000969599203
1504572 1425908 0.600000969599203
1504572 1420638 0.600000969599203
1504572 1420262 0.600000969599203
1504572 1420253 0.600000969599203
1504572 1419581 0.600000969599203
1504572 1419483 0.600000969599203
1504572 1418877 0.600000969599203
1504572 1418442 0.600000969599203
1504572 1413759 0.600000969599203
1504572 1413748 0.600000969599203
1504572 1413730 0.600000969599203
1504572 1413727 0.600000969599203
1504572 1412124 0.600000969599203
1504572 1408372 0.600000969599203
1504572 1407230 0.600000969599203
1504572 1406802 0.600000969599203
1504572 1406634 0.600000969599203
1504572 1404504 0.600000969599203
1504572 1403860 0.600000969599203
1504572 1402272 0.600000969599203
1504572 1402136 0.600000969599203
1504572 1399556 0.600000969599203
1504572 1399515 0.600000969599203
1504572 1395860 0.600000969599203
1504572 1395834 0.600000969599203
1504572 1395374 0.600000969599203
1504572 1394997 0.600000969599203
1504572 1393744 0.600000969599203
1504572 1391145 0.600000969599203
1504572 1391144 0.600000969599203
1504572 1391109 0.600000969599203
1504572 1390892 0.600000969599203
1504572 1390575 0.600000969599203
1504572 1390143 0.600000969599203
1504572 1389636 0.600000969599203
1504572 1389504 0.600000969599203
1504572 1389499 0.600000969599203
1504572 1388482 0.600000969599203
1504572 1388246 0.600000969599203
1504572 1388238 0.600000969599203
1504572 1384111 0.600000969599203
1504572 1384071 0.600000969599203
1504572 1383796 0.600000969599203
1504572 1383752 0.600000969599203
1504572 1383134 0.600000969599203
1504572 1383133 0.600000969599203
1504572 1380574 0.600000969599203
1504572 1379923 0.600000969599203
1504572 1374240 0.600000969599203
1504572 1373925 0.600000969599203
1504572 1373289 0.600000969599203
1504572 1370653 0.600000969599203
1504572 1367789 0.600000969599203
1504572 1359861 0.600000969599203
1504572 1358723 0.600000969599203
1504572 1355607 0.600000969599203
1504572 1354220 0.600000969599203
1504572 1353765 0.600000969599203
1504572 1352051 0.600000969599203
1504572 1351291 0.600000969599203
1504572 1351290 0.600000969599203
1504572 1350107 0.600000969599203
1504572 1350020 0.600000969599203
1504572 1349936 0.600000969599203
1504572 1349884 0.600000969599203
1504572 1349654 0.600000969599203
1504572 1349622 0.600000969599203
1504572 1349569 0.600000969599203
1504572 1348233 0.600000969599203
1504572 1347881 0.600000969599203
1504572 1347186 0.600000969599203
1504572 1346536 0.600000969599203
1504572 1345277 0.600000969599203
1504572 1345190 0.600000969599203
1504572 1344211 0.600000969599203
1504572 1343619 0.600000969599203
1504572 1342745 0.600000969599203
1504572 1341823 0.600000969599203
1504572 1340984 0.600000969599203
1504572 1340599 0.600000969599203
1504572 1339828 0.600000969599203
1504572 1339814 0.600000969599203
1504572 1337192 0.600000969599203
1504572 1337010 0.600000969599203
1504572 1336659 0.600000969599203
1504572 1293843 0.600000969599203
1504572 1293603 0.600000969599203
1504572 1292738 0.600000969599203
1504572 1292287 0.600000969599203
1504572 1292165 0.600000969599203
1504572 1291739 0.600000969599203
1504572 1287711 0.600000969599203
1504572 1284941 0.600000969599203
1504572 1284795 0.600000969599203
1504572 1283749 0.600000969599203
1504572 1280661 0.600000969599203
1504572 1280377 0.600000969599203
1504572 1278563 0.600000969599203
1504572 1277858 0.600000969599203
1504572 1273307 0.600000969599203
1504572 1273281 0.600000969599203
1504572 1270038 0.600000969599203
1504572 1268619 0.600000969599203
1504572 1268531 0.600000969599203
1504572 1268480 0.600000969599203
1504572 1268463 0.600000969599203
1504572 1268424 0.600000969599203
1504572 1264078 0.600000969599203
1504572 1263049 0.600000969599203
1504572 1263019 0.600000969599203
1504572 1262643 0.600000969599203
1504572 1262368 0.600000969599203
1504572 1261620 0.600000969599203
1504572 1260437 0.600000969599203
1504572 1256357 0.600000969599203
1504572 1256239 0.600000969599203
1504572 1254544 0.600000969599203
1504572 1253665 0.600000969599203
1504572 1250774 0.600000969599203
1504572 1246167 0.600000969599203
1504572 1244440 0.600000969599203
1504572 1243181 0.600000969599203
1504572 1242833 0.600000969599203
1504572 1242551 0.600000969599203
1504572 1241576 0.600000969599203
1504572 1238428 0.600000969599203
1504572 1237412 0.600000969599203
1504572 1232259 0.600000969599203
1504572 1229117 0.600000969599203
1504572 1223208 0.600000969599203
1504572 1222324 0.600000969599203
1504572 1220461 0.600000969599203
1504572 1192297 0.600000969599203
1504572 1191169 0.600000969599203
1504572 1186011 0.600000969599203
1504572 1185795 0.600000969599203
1504572 1185193 0.600000969599203
1504572 1177463 0.600000969599203
1504572 1176892 0.600000969599203
1504572 1174443 0.600000969599203
1504572 1170419 0.600000969599203
1504572 1170380 0.600000969599203
1504572 1158347 0.600000969599203
1504572 1157978 0.600000969599203
1504572 1157263 0.600000969599203
1504572 1141543 0.600000969599203
1504572 1140290 0.600000969599203
1504572 1140289 0.600000969599203
1504572 1139839 0.600000969599203
1504572 1137808 0.600000969599203
1504572 1135185 0.600000969599203
1504572 1132994 0.600000969599203
1504572 1132968 0.600000969599203
1504572 1132965 0.600000969599203
1504572 1132938 0.600000969599203
1504572 1132920 0.600000969599203
1504572 1132883 0.600000969599203
1504572 1132870 0.600000969599203
1504572 1132743 0.600000969599203
1504572 1132547 0.600000969599203
1504572 1132498 0.600000969599203
1504572 1132462 0.600000969599203
1504572 1131967 0.600000969599203
1504572 1131854 0.600000969599203
1504572 1131789 0.600000969599203
1504572 1129175 0.600000969599203
1504572 1129160 0.600000969599203
1504572 1123396 0.600000969599203
1504572 1123342 0.600000969599203
1504572 1120340 0.600000969599203
1504572 1117954 0.600000969599203
1504572 1116286 0.600000969599203
1504572 1112878 0.600000969599203
1504572 1110798 0.600000969599203
1504572 1109505 0.600000969599203
1504572 1109403 0.600000969599203
1504572 1108725 0.600000969599203
1504572 1106353 0.600000969599203
1504572 1100157 0.600000969599203
1504572 1099623 0.600000969599203
1504572 1098637 0.600000969599203
1504572 1097632 0.600000969599203
1504572 1095600 0.600000969599203
1504572 1095382 0.600000969599203
1504572 1094323 0.600000969599203
1504572 1093159 0.600000969599203
1504572 1092946 0.600000969599203
1504572 1092284 0.600000969599203
1504572 1089120 0.600000969599203
1504572 1088649 0.600000969599203
1504572 1082140 0.600000969599203
1504572 1081967 0.600000969599203
1504572 1080538 0.600000969599203
1504572 1079216 0.600000969599203
1504572 1077028 0.600000969599203
1504572 1076341 0.600000969599203
1504572 1074618 0.600000969599203
1504572 1073009 0.600000969599203
1504572 1071504 0.600000969599203
1504572 1070222 0.600000969599203
1504572 1069780 0.600000969599203
1504572 1068536 0.600000969599203
1504572 1068502 0.600000969599203
1504572 1062151 0.600000969599203
1504572 1062088 0.600000969599203
1504572 1057737 0.600000969599203
1504572 1053964 0.600000969599203
1504572 1049312 0.600000969599203
1504572 1046915 0.600000969599203
1504572 1045578 0.600000969599203
1504572 1044736 0.600000969599203
1504572 1044735 0.600000969599203
1504572 1044734 0.600000969599203
1504572 1044733 0.600000969599203
1504572 1041531 0.600000969599203
1504572 1041446 0.600000969599203
1504572 1037539 0.600000969599203
1504572 1037390 0.600000969599203
1504572 1035873 0.600000969599203
1504572 1034664 0.600000969599203
1504572 1034663 0.600000969599203
1504572 1031147 0.600000969599203
1504572 1028374 0.600000969599203
1504572 1022076 0.600000969599203
1504572 1021780 0.600000969599203
1504572 1021771 0.600000969599203
1504572 1021383 0.600000969599203
1504572 1018004 0.600000969599203
1504572 1016299 0.600000969599203
1504572 1015839 0.600000969599203
1504572 1015727 0.600000969599203
1504572 1010168 0.600000969599203
1504572 1010167 0.600000969599203
1504572 1008093 0.600000969599203
1504572 1006731 0.600000969599203
1504572 1001882 0.600000969599203
1504572 1001866 0.600000969599203
1504572 1000065 0.600000969599203
1504572 986487 0.600000969599203
1504572 986192 0.600000969599203
1504572 985877 0.600000969599203
1504572 985791 0.600000969599203
1504572 985711 0.600000969599203
1504572 978100 0.600000969599203
1504572 975440 0.600000969599203
1504572 975436 0.600000969599203
1504572 975413 0.600000969599203
1504572 975409 0.600000969599203
1504572 975380 0.600000969599203
1504572 975352 0.600000969599203
1504572 975326 0.600000969599203
1504572 975305 0.600000969599203
1504572 975297 0.600000969599203
1504572 975221 0.600000969599203
1504572 975205 0.600000969599203
1504572 975165 0.600000969599203
1504572 974952 0.600000969599203
1504572 972018 0.600000969599203
1504572 972009 0.600000969599203
1504572 971110 0.600000969599203
1504572 971109 0.600000969599203
1504572 971103 0.600000969599203
1504572 965882 0.600000969599203
1504572 964422 0.600000969599203
1504572 962274 0.600000969599203
1504572 933804 0.600000969599203
1504572 928608 0.600000969599203
1504572 927164 0.600000969599203
1504572 926889 0.600000969599203
1504572 926875 0.600000969599203
1504572 926834 0.600000969599203
1504572 923701 0.600000969599203
1504572 922552 0.600000969599203
1504572 917946 0.600000969599203
1504572 896189 0.600000969599203
1504572 889274 0.600000969599203
1504572 888971 0.600000969599203
1504572 886731 0.600000969599203
1504572 886559 0.600000969599203
1504572 874223 0.600000969599203
1504572 853698 0.600000969599203
1504572 834625 0.600000969599203
1504572 828807 0.600000969599203
1504572 828774 0.600000969599203
1504572 826252 0.600000969599203
1504572 826238 0.600000969599203
1504572 825215 0.600000969599203
1504572 825123 0.600000969599203
1504572 824836 0.600000969599203
1504572 779535 0.600000969599203
1504572 757457 0.600000969599203
1504572 757010 0.600000969599203
1504572 670950 0.600000969599203
1504572 665660 0.600000969599203
1504572 654828 0.600000969599203
1504572 641954 0.600000969599203
1504572 641935 0.600000969599203
1504572 623849 0.600000969599203
1504572 613755 0.600000969599203
1504572 312827 0.600000969599203
