149696
316752
95751
325009
213205
91753
203600
38771
20015
55248
78310
96681
145736
332702
177591
8105
160895
137411
110240
78653
66672
101492
53197
185311
288205
146883
274510
94866
219250
187506
178801
113934
104285
58755
214744
185299
104678
209554
10710
287799
185282
244832
235622
207665
135698
245381
120871
270273
9796
187481
227783
228653
483
212342
275392
174934
324395
107732
31128
120216
162088
93594
114787
299275
65086
255069
242882
159512
319678
280086
219867
107339
300290
59808
81303
124610
22950
30955
38877
214718
138668
181972
328223
213694
122393
183670
183003
120818
245517
17932
288006
112659
269617
152970
194589
68401
309762
171476
272302
214900
