193228
24765
323768
262955
48812
207494
248992
162797
18157
173106
57121
43193
79290
99406
274211
197674
197840
260649
2258
125219
58273
24233
167320
70602
237840
96870
50004
250461
305339
36106
309152
263422
245272
10237
236567
256603
23846
290219
269860
54354
118930
249359
172260
219267
291464
91684
186541
87255
22114
312444
150595
107611
1755
172999
81093
334479
233014
2862
228376
239417
236125
184208
253340
217128
110780
232523
170798
9502
18207
154002
36313
179235
159483
125740
256529
231598
48782
31735
100044
206126
207606
248472
208429
230191
91927
9190
3429
298586
10081
102372
178088
214300
243236
51219
261501
12538
56980
136309
322307
154933
221399
226650
269604
333651
57946
261261
155060
215859
105020
292103
58809
90147
31600
144665
302711
18189
175198
177681
64007
2282
323739
262691
61563
37189
172575
198088
75233
326248
283484
228343
237745
67288
157820
116973
217379
123712
171446
131119
152617
129074
277841
299745
143507
49759
150072
40460
57212
3241
112306
200673
158514
8788
273794
153012
143136
222621
13701
5994
268885
250107
50515
131632
67591
306108
284716
13120
183717
239808
169065
17598
176413
210504
219209
213223
28355
144398
131304
14657
246743
90232
138858
209636
98531
195929
56649
213296
134288
323317
280521
211389
244661
17299
205766
2485
309296
133455
264401
131870
218920
15957
221395
121401
332912
215298
308297
285253
310309
121019
109286
74720
178569
186646
78704
236436
55372
93762
59388
135258
328509
330148
6176
189768
169868
310601
62471
253725
232327
201373
142117
189028
105438
177039
326002
55662
278695
19781
315751
250720
97642
113571
282505
283377
105957
114662
20597
45287
5285
202655
112123
73909
260383
303908
295203
111474
30823
178808
287770
188533
319108
305940
83524
67563
104124
282815
54744
129349
270370
300309
98353
239827
255687
191270
224190
13433
196238
102534
22315
219048
88473
171626
246489
268166
45318
48800
30145
38850
102221
244600
57421
133493
213248
289731
61949
103733
144970
98059
62909
98492
264738
76374
236036
136582
26300
252972
21419
182589
276603
254666
271126
161600
328736
230833
124632
124195
75638
299245
270440
171680
204600
51306
155766
20365
64807
29019
48031
27335
146670
319271
15710
269194
49453
121119
171608
134341
218146
115657
298462
223520
78999
40697
244801
262084
259103
217167
125436
41868
223467
298330
136417
183424
93981
165522
15796
30995
207972
192303
36729
243302
226019
258895
137025
141981
152427
192470
2121
184827
321300
155905
301206
217836
326472
152871
269521
314482
264315
234718
15432
119318
50117
222476
15297
6592
307785
154119
282953
125760
218759
323887
30901
272040
19379
311475
291671
206362
74505
314638
1258
71213
214792
98606
286601
159508
218158
99610
261336
283691
165517
122
83690
267794
31018
242454
205893
284939
28163
328883
25949
240092
2245
291740
25367
88513
208671
145364
310787
109398
23106
18542
283174
43147
185432
192575
263956
36179
229435
32431
251797
198684
101188
142820
64475
330003
145457
42218
215907
20915
19174
287506
24750
311576
66095
51281
268550
209763
129677
194834
170703
19271
211910
131824
255435
149234
207667
4330
70179
239161
49005
42041
6652
224597
136165
191877
87052
267484
37672
36336
242150
101129
304811
155848
277652
134291
125586
167370
13806
159379
288213
296918
87529
33558
182437
259041
288555
77867
250513
97305
185464
23355
79067
180405
333166
34431
247544
289328
276423
142366
242032
252478
12220
282516
3580
118021
278715
226884
92827
305229
194947
270873
152110
51132
160591
77255
97830
265069
277256
296252
59016
32840
247565
283057
22115
101121
134200
278703
132379
126618
156246
120927
315864
129387
319156
290470
43531
211423
16278
265241
329463
96169
136212
29727
95885
267473
220466
250743
150138
240207
231725
329221
176013
274773
290735
280289
178910
303266
254340
194791
74662
295769
267913
231356
14586
184223
35481
283204
213172
5993
160717
327876
302363
138770
14005
268191
285601
81443
264248
51101
75475
155937
114219
168508
48379
181584
219886
168860
332038
100485
252018
94694
275758
29330
32812
277243
287119
65488
56967
333786
299415
69603
233683
306805
6023
329849
110733
175150
18460
330782
53071
71079
189467
33097
7562
138515
131113
111636
272121
99575
296308
170389
330051
186771
258152
156311
18047
182746
154622
290420
69313
88464
105212
129586
208594
78560
299700
6346
159478
27842
297728
57470
55341
77174
250827
117763
288381
39418
206585
251851
296805
46101
255878
245432
11130
203624
36488
173206
317709
84729
311059
237380
229150
60316
200995
326889
330371
74444
25696
53893
241921
31260
157328
84904
218346
234015
276393
326882
50277
207617
240667
87459
87928
196780
33126
31016
138958
152886
216563
133909
85161
168161
4507
175658
236593
253933
281789
252192
45013
110429
196051
270914
144209
31994
127749
52110
260329
37137
124375
227481
93918
20796
73026
248296
128167
211071
270265
258224
190325
4743
5091
34688
62544
42426
134699
173667
58761
18896
3227
140668
117177
165925
16843
187461
110857
135231
287486
31808
294699
106671
109359
267790
226006
21237
73467
212960
56028
77801
200428
271247
165648
245734
16403
160428
256013
273423
94147
200348
323959
234252
203
21095
52922
51446
269071
321801
133773
268745
240045
276921
184648
310000
143754
256704
129611
77381
155064
266488
296836
292648
332691
206249
331601
204122
222140
199451
148425
34092
205556
12242
191565
100630
274730
20544
206079
255180
285631
76961
163600
280003
241701
277707
124499
45491
71997
194314
31582
177826
12431
79804
796
188076
139259
299431
258281
46133
12233
1787
150598
227202
28632
39078
26393
256271
39052
221857
185296
274543
239439
234216
19961
107011
94824
103019
254486
316899
66623
302713
315881
163398
289585
64158
304416
49758
176851
257827
17569
311798
2592
190620
100657
78024
43204
197928
86122
320757
216343
259868
221952
105305
268251
322597
275737
122145
278835
258005
96092
208808
17298
150962
85026
229529
132033
138376
202567
222626
46785
217227
156718
308619
2545
149512
158689
277077
218003
85687
115597
215180
286473
41539
1382
177223
5216
242222
270031
235211
333755
189252
193180
248856
102612
125245
312034
172650
117875
172348
196722
201106
218516
176344
213618
159647
131817
323327
333773
168378
9923
213620
26829
46119
35673
167989
43102
12651
209509
69517
155932
29713
257005
89869
147322
265363
230114
75165
146546
91424
43872
324173
232288
14173
229728
53365
88752
215845
179284
185152
76039
264067
222842
205277
74702
244496
202712
147652
31005
266040
18303
155842
286592
298779
181278
268328
82196
29966
7333
106809
68507
26639
309970
36599
246782
249966
145835
137845
157798
261128
189747
90370
7818
240510
159603
161344
189200
188098
137052
184478
104121
121584
3780
223146
127602
4501
46285
60213
