2919
57040
42812
12652
57918
17150
14303
5449
4875
2237
62299
20827
38388
51749
19851
33556
10435
16717
52086
20076
17933
12029
15337
15963
7510
44896
53601
42131
12986
63475
64446
16085
32100
4114
33264
60288
29922
10771
21299
40308
5099
15855
11683
23224
3519
26787
22861
29645
29724
29860
4520
49886
20410
2693
10173
44838
20729
3319
30952
2767
65443
47032
2813
13687
14368
4166
25349
21867
37429
5723
24378
18617
29316
47117
48858
61900
11411
30941
50092
24579
13057
13179
49537
7469
9210
37869
18718
4411
42269
59855
32696
37634
47860
23170
30577
64257
50329
39127
25199
35344
42043
55097
35345
7844
60381
15115
9892
34023
31235
35350
7353
13114
22167
40203
29569
22288
50144
25717
37904
38991
30958
23551
21354
35282
57249
54521
41353
63100
29617
24677
39491
3279
18739
33691
23670
33933
25521
49388
56795
44577
24825
53323
37591
39332
21009
12779
37803
15768
24167
45565
2536
64113
29547
16379
5805
40371
26182
54038
63914
30186
19487
26263
59458
17674
34957
25524
32488
9292
15537
48649
356
36568
16307
20992
10546
37888
46593
7872
36605
26159
30886
57571
21010
10905
47941
63610
2675
5625
4807
22597
61529
11222
10399
18152
742
39044
31510
48920
23196
12750
60343
23913
20431
16291
10980
16583
4396
26113
12447
39677
51864
4868
753
19768
617
57528
29831
24608
15809
37514
63629
15608
42767
3340
4732
39552
10880
33093
12201
17424
52253
20536
13572
25094
13807
57426
5945
19113
18140
18963
44793
23810
6845
52653
3273
9745
37601
43264
34559
58933
9691
32907
48576
36306
4240
32096
33837
40840
16973
977
40165
15791
15984
5687
40035
8761
55672
14147
48279
34607
15456
3934
18748
46540
7138
48512
34584
64212
19824
27231
1442
21074
42701
9622
16079
33489
31299
57972
2260
42291
62987
30764
2908
9780
35847
38046
43269
26937
45043
64974
44018
10939
3032
14484
38165
4109
33737
17277
42790
41328
38036
3073
34027
55375
40561
14832
27019
22393
38062
3211
8434
41153
62551
5161
13612
39727
30436
59088
45160
61620
10567
55165
11640
29050
59887
52141
1652
32835
5359
14064
44864
8303
17830
54391
23880
30073
37480
5880
24809
57312
7932
17120
59001
44124
30196
19497
23732
22385
59597
28259
39781
30377
25154
30730
4675
20312
38418
25215
65258
40411
35188
19393
7206
57591
1879
4333
7915
42481
53470
1240
30644
21586
4176
12881
11140
27853
43522
34995
31184
17088
15861
57837
49607
55420
39751
19999
9392
60418
7861
6120
35247
34978
31731
49014
14448
21205
9018
46983
27832
41000
16246
2318
56289
51925
31033
8652
53918
60581
20538
21361
26264
2808
13254
49815
27182
25441
45936
45782
14698
15748
4495
7977
3949
4740
1258
20409
18763
840
42149
45775
23702
47569
3252
11424
6486
24921
11015
54727
25130
3453
44603
24443
8774
5304
16826
25324
4369
11333
25057
7647
12870
54654
59153
2366
12425
33516
16106
34022
37504
15288
15697
17343
51614
14771
35663
38432
33209
26625
30162
12879
41893
54572
6901
20829
59510
3856
57033
34656
21391
1759
17396
113
63158
10486
33301
64110
29290
34513
33273
57653
33907
14756
40133
62766
29687
33580
52731
64317
46907
13828
32979
22325
21979
52431
7165
3646
15387
13528
39864
11
36572
57147
19055
15573
1542
44338
58144
21583
14999
18291
1102
44627
15812
25364
56200
32333
33979
4666
65474
21949
985
13485
19246
17984
11400
59767
63249
33110
36592
50583
50678
43714
5033
34684
13792
57241
2100
1439
51928
25079
18115
57448
52763
38835
24907
2686
48447
64116
6663
62375
12172
17110
57184
46738
63788
15040
52049
3143
39704
36916
2277
33615
62654
10308
13163
59251
35374
16223
5524
57804
38368
20958
30454
37418
46001
32001
26778
31355
55729
38319
19212
51544
33417
7971
63683
55264
13480
24355
2038
32996
8622
30569
47979
49720
18446
60307
15145
16791
17234
24198
56925
42997
61280
9050
30274
58130
55159
62123
36610
32736
50146
46664
58851
755
6573
3091
39652
29776
8991
24660
3129
25762
33992
4340
25232
1180
32518
46584
3788
38049
60682
32652
39859
18049
40682
17440
8735
24404
1359
46625
12882
31425
41871
1828
50385
40509
18003
14521
38298
57449
58291
35658
17647
15906
26864
47756
32965
46893
8591
29989
21661
64579
14577
61584
3151
37047
22645
12
23593
32173
61770
32785
51936
25054
36582
31359
10678
232
1300
57430
56411
1362
188
47195
61123
26303
47326
9024
36880
31119
11445
43005
44980
64595
37436
30405
38584
45548
3764
4108
25000
40669
53755
36668
21115
49857
35929
17734
11413
7645
61616
62227
18702
23380
65164
40613
23203
44178
42276
21024
62117
63858
39168
4216
30331
19539
9093
51486
9038
17743
32198
6052
32382
46139
16542
24629
16163
7458
47510
35323
24466
92
12279
40051
48756
60890
55129
35430
37171
33025
3428
43299
44491
5358
49750
29470
13496
43093
22145
36073
45223
20731
45105
1959
2735
10391
50244
17165
13683
43311
27079
30561
15177
25623
1756
23028
47402
13907
30695
36982
5644
53542
40888
29081
23881
19649
28354
3980
40541
20772
26720
19296
23197
13232
39352
21942
46316
53280
42392
23241
608
18809
17068
41758
35183
56075
50852
64740
57776
47710
51192
24676
5525
38580
64939
7486
44047
9227
45372
26396
3763
3370
29849
42036
62213
51767
3019
19884
23366
5956
35331
24885
737
18686
12391
26319
52186
36106
31105
17177
54626
7619
36822
29858
53809
22471
28173
8858
33232
1894
20823
59777
40848
15079
36016
22088
30485
35708
18607
56909
25571
1829
27192
55997
37554
57761
34570
3163
35715
8376
37973
25786
49025
55107
39528
18610
53564
50980
9196
19642
17772
10351
20797
49513
12952
2506
21143
12438
62641
10035
32668
14843
50551
14339
62998
27504
17058
38414
14952
6791
13050
14791
51004
51391
46060
33248
40212
21261
41340
55268
26185
45336
38443
10836
47969
56674
8358
22665
38245
27255
26573
1405
8369
30399
25176
17413
64420
1744
1734
55970
3740
15927
360
7324
49896
5590
11857
32749
10528
25566
24442
47299
17257
29824
33688
52839
53895
12960
23299
11092
3825
42326
21434
32341
14931
39702
19859
5931
4408
53349
12588
3643
8866
40120
41861
45541
49023
3290
19517
38668
26481
1708
61189
13085
35718
2290
49436
787
49535
34233
