2900742
2367321
3443848
11699
1248959
2905605
1710557
606567
1585170
2536847
1171082
2733888
1807237
2145452
2505710
129703
2886472
619183
806236
2976434
3293404
58781
2730223
1399445
3297594
1413502
1922215
3950008
3858569
588965
613109
2803682
2827639
1031061
1063272
2758403
2433649
2670370
1287066
3625960
677694
577962
2585446
2230549
454555
2973782
1190998
2077684
2578062
2133316
1059185
2687828
2641322
1328461
3790235
1710374
2398858
3525107
2675301
846073
2064829
1012431
2848300
1985028
3170649
968300
3202577
1843090
2825913
275264
3958099
3259038
1644898
2489560
2842122
23073
1327401
982881
4057487
2406414
258200
3879182
2701520
3392750
3683504
1059611
2713600
2752777
1677982
3999593
3522559
2133313
2069315
267281
2303356
3360122
2588194
3651945
3560429
3328928
