3517729
3201184
295455
3300567
679072
2815656
64312
357162
3191133
1916721
1053116
2264475
2726762
1650824
4095188
564005
1586663
110717
2689674
2913626
3196126
3879639
458085
557145
3364419
3233914
2535773
770049
1511907
888983
2879927
1567213
2591205
1257914
1898229
3767703
1753366
1568820
1052857
4124858
2920219
672090
2784562
419888
4100362
3708588
3675433
1232196
313396
1641651
1968959
1668157
3076597
28928
2956753
2577496
585595
302570
3095001
2816299
2473534
2522058
1107914
2572955
3088990
2103584
4158029
2388876
105385
2502340
2534390
3848931
4120805
661873
4063434
647855
755797
2318651
1182282
3546592
639546
118987
1660726
3079124
107237
3908952
2613730
1338903
5776
4015299
2240836
1397478
851798
3557822
2295671
1774460
3850826
2609801
1694035
2604470
2931148
510989
1741374
1072275
3640421
1789872
1129593
363553
1472570
3738607
806763
2290407
1017385
3485266
3073859
3255139
646416
3611420
747875
1407714
1350927
1356812
613361
3089768
1771858
4076258
2028337
3475108
3048671
736623
2058361
1405224
4044547
82726
3990721
554544
1600150
2301773
269828
3564146
1410529
576007
1257154
1883056
1835495
198244
2944595
848670
622340
785294
2758513
2352774
375077
2829263
4167461
1363725
2655978
481469
1605061
3661288
1949885
3714397
1067217
1800178
4188524
3841716
1012464
1395484
886363
1569872
2235507
2757807
3600688
1555533
463412
1530330
2434922
3169624
4130065
513803
3158925
2521359
1376452
1014004
2965665
415272
3339342
1936950
3017843
2422750
2687737
160654
880779
1940987
4105050
747210
1366106
228720
1349853
3994152
3118137
595307
2683051
1477356
2306362
4073343
783125
1099980
593542
1216820
170479
1596358
1929890
2137069
397579
2045110
3152386
2019938
1220524
2087945
3296199
316939
1360814
26731
89737
3072070
1928100
1548328
3179514
2279162
1551424
234778
2379690
2023001
2413869
2400034
869662
3893779
844198
1344376
3414181
1211816
1724267
3775165
1224688
3181408
1423517
2007173
297511
1679714
1803232
3931635
2928069
719960
764332
1678357
3257444
3932952
1377537
3445426
2686350
2699029
3450290
2910553
3239602
2510817
3691822
2259473
1864266
4021357
2577951
434780
263596
2363886
2959738
4039419
4041160
524325
3291633
2874976
1428466
1090712
3889872
1717104
595520
544905
1116511
3916039
3364142
362491
3302226
2819969
2160057
767257
3359449
610969
3171379
1278912
715157
2997749
1530257
1466056
999468
1704377
2220083
717600
4170958
1907658
2213556
721524
3956650
730577
105619
2768033
144283
959192
2916076
3463502
4069370
3867735
7865
25634
389400
2655095
844695
3278613
184856
615339
2105792
2480893
3347911
2762421
3688633
780053
3492541
3535559
3974218
1834528
3549831
2401746
1156418
547068
2663001
444193
2632955
1980080
3952292
2372132
148762
2824679
2982695
1193407
2506092
1620234
3110189
731983
3265329
2374709
124627
3397879
737631
3801791
1450787
3287542
1800728
631488
3960280
1280802
4177538
220245
970616
2729725
1766354
2147633
1252759
1320320
430669
2381977
2524739
50778
2562387
143590
846355
1346022
458112
1501225
3987373
3966798
2844218
329396
1286545
1088415
1382082
736171
4190680
468204
633627
2536828
2540603
736927
1763208
1888563
2806359
112960
1247453
1935800
2212410
4013134
3106768
1533795
3726414
586930
3864889
4080773
3559050
2390839
82273
2219298
3383329
2462392
1723607
1800737
3769374
3472919
514960
3942755
3894209
3398024
4135042
2124557
3970017
777545
1745541
1334864
2894422
2008323
2591558
3201401
634324
179073
4186260
2237979
2171292
1680330
3022643
2957071
1955996
1431858
2048172
1506233
1790016
2846379
2574783
2750082
177760
351860
666798
2145567
948102
1010650
3715490
1817652
2400964
3462902
3955605
1685722
415010
3070898
4202548
122937
1409716
3142011
1783421
3625089
54298
1303556
1534395
3987464
1989428
2811180
1219360
3420681
2092064
1209377
1364674
38947
2163293
1049483
2358053
1257121
332650
916558
896102
3570124
2070000
3574536
1342574
882486
664861
670738
3902034
2447221
2202790
969936
1679081
1763936
2573501
736746
2335975
2710290
939299
2330744
3526811
2698873
4201106
286769
1775120
3623531
2606442
2650383
4202776
224591
1634801
2304778
3841319
2252263
1902322
2554677
3159607
1310927
175187
3334103
3576131
4114100
1791060
1573435
642551
548911
2937563
2206557
2110266
2774565
1911029
4066684
551853
1459622
332017
2862989
3489749
1730998
3184416
2634143
3528744
133046
1189778
1345384
1694773
3307460
2743186
2875502
609494
663812
906139
2146111
725455
902083
3481365
1828405
183160
2585740
789954
2099890
1878783
3210791
3860184
2229538
711386
318886
1403529
816730
2382696
1321336
3050149
1746289
2454374
2931714
3231883
3852800
2639323
713145
1406002
608624
3855828
2617699
1350251
3346853
3165789
3626805
2009416
797958
2741884
775127
1861511
1433551
3574494
1769077
3784712
116425
938138
1736918
11587
3230607
671900
565780
3871771
625180
3177486
3607513
1438085
2790880
1006355
890199
2304113
1336062
1474304
978035
4167417
3543768
2192752
269401
1049613
4001808
3014661
1318313
2150511
1209884
1873205
3046639
3698345
2932305
3350054
3724
3857907
569243
1984676
875659
2544065
305139
1334070
1797419
909272
2869638
2246995
1470509
983510
2668276
693982
1686352
1526834
1857624
1193806
142242
1428841
2150346
4161201
3509076
3107508
3078993
2897110
526870
3818950
154145
730416
2948046
143295
100188
2605487
1658601
2861632
1334775
3698360
2141906
419367
2655499
1733560
327217
584885
3266205
1034243
496290
118533
2491242
3723488
2544831
3585926
3673987
2145760
2001257
645018
3648725
1466070
260375
1288432
4065867
1889617
2270896
2478075
3737007
1087205
1361082
1291589
683267
3700420
1694674
1696415
3195683
3375082
3069749
3364459
2492877
1103559
2134969
1364124
3990070
3622719
2190041
3476640
1371771
2804408
953806
79355
4083250
2697095
3616386
2754108
1926170
183005
233494
1039577
399283
3123474
1433887
3423850
495744
202912
3432467
3936340
973158
635737
19203
564136
1372556
576681
592370
3564420
307543
479550
734608
610997
798736
796995
3672
1935621
2972601
1636862
543647
1206985
2135487
4054387
2165333
2879143
1300439
1331547
240258
473552
3275773
324831
344583
338206
2944257
2061570
282268
4072791
3090867
3775080
960606
2055695
2819099
3233457
3991255
902721
3230392
2342482
3112800
3053606
3565460
2891554
95192
3611690
2194516
2095391
1667004
1035021
1031539
618741
2380435
355652
1476839
4063965
3680945
2499912
2385163
2367753
696393
1687393
251785
707927
2504639
747180
4074811
1580730
872143
2528250
3067960
3415016
1616932
3906347
4168685
89522
251435
1726251
93104
1966643
2347922
3488435
927424
2430253
64234
2778453
1465302
1066613
2017110
2835380
1838827
2763298
108828
2355618
3248724
2065250
2304084
1456217
1591740
866750
1759883
3623129
259517
3433847
2183860
3014267
36569
355827
1910540
1146325
203031
2239044
760935
2152427
2476751
1445390
3207282
1051884
1482472
889868
242216
3236086
1323434
1873021
2034934
1320267
4042399
347997
434253
740669
3138026
92960
3471742
1344357
2865991
1630668
2222405
1880496
259328
686750
561605
2039713
1619170
3060379
3663846
618939
2013239
2053282
2521756
2654072
684420
524248
2289622
1883601
534326
2567525
2588126
2248631
3010714
3508014
3661222
2639255
2096602
3507224
3344277
1411581
2316667
1258327
3909719
88402
2165415
3604019
1695749
3677007
3418611
1024736
1677455
719905
774389
2678605
540657
315558
1064188
100094
693881
795990
367199
2042402
2272080
488775
708656
1037384
348701
19652
690478
1735078
977854
2504711
763711
2054759
1470162
552655
2008302
3062583
3200170
3069595
1730386
3020850
4022269
930253
796241
2274360
3174457
2547331
459689
4167959
3184654
2211435
144868
1305422
3834177
2895778
1109868
2680292
3817165
924751
222887
540450
736068
3223922
1814463
2036555
2792506
522242
59136
3265340
3007672
1855401
1439302
103955
1117577
1422252
4111137
2572709
3337008
2574056
3112025
