52389
23499
59139
39626
46914
54577
57705
48638
4264
745
42575
951
35320
46110
25221
19481
4333
37881
38757
22023
41598
12001
52313
25394
29374
61154
48150
62577
11594
37569
941
43938
29954
42622
15887
60423
49489
35479
43867
1318
37082
45011
54270
47812
24869
12682
41898
62524
11768
38843
25199
47455
15305
17242
28425
21442
17218
23646
53478
49382
8050
46075
44798
1838
45446
12862
18548
44239
12988
40257
35118
14331
3786
42502
9253
2606
46677
4985
55162
13114
49103
7792
60501
50330
32102
57302
54650
31792
35810
56218
50343
10923
4623
39868
46045
28816
30723
5473
56681
61904
