25223
59646
45886
38826
61459
4760
40775
19085
39966
19224
51821
46250
36201
57353
60735
22433
46725
17626
46429
29334
28316
3503
41540
4268
19045
8109
11217
33850
56906
43962
9758
1420
271
29351
54770
29827
25273
10962
62055
35940
40434
14387
54430
30240
18950
53440
6433
33704
23258
56863
47162
32154
22056
48171
24975
25297
8996
57891
22308
30693
60431
47234
33069
53206
44251
35303
46933
41779
15738
36630
22356
14212
8989
10730
39764
57174
22608
11846
37961
24747
35129
56021
23924
59541
47196
32096
29627
38680
59357
19853
15218
28386
39908
28622
40199
45422
47497
18692
11091
20144
10403
29829
12546
55555
15512
13805
16070
7365
36170
30515
27033
58371
22159
29566
54256
62367
41672
47874
40410
17915
59708
38816
47572
10537
19102
22652
9966
56543
43092
3684
12389
30495
17327
36256
55743
37773
14988
25434
50382
56238
54497
57362
2221
42851
57500
26993
12179
22036
25518
22741
51546
61242
40224
33260
32612
62049
31068
37253
50421
40460
52805
57191
39781
5164
26991
11322
54847
43489
57607
40197
61856
32259
8274
46576
10934
14416
488
60819
43745
33521
7406
24816
58880
12663
52990
21041
41491
54659
6925
48328
34717
27753
56565
44674
2890
43914
16058
37570
1501
54996
42001
55169
1112
32323
18395
6487
46281
61918
16811
41760
25015
30238
19232
40124
38478
31887
20365
16250
1456
10161
32794
54547
43801
30705
20764
33354
1696
9926
362
40689
62216
8332
11814
40020
3115
8876
19020
33834
48877
32981
60030
5078
46862
45216
10704
45524
42886
11548
2843
34528
11520
8404
41984
22352
18332
16591
24821
18256
2714
23528
42679
30043
36627
37284
54694
57163
38389
24824
11036
55482
48518
38293
56127
35939
9498
47844
19988
38917
41055
5063
3100
23992
12545
16027
30841
47301
59441
51117
7592
40218
45193
23536
57249
8501
48429
51742
3027
43354
26071
53334
37697
32024
28124
32714
24009
61369
52664
26508
36954
41532
46755
15755
56837
4607
6348
46675
29392
25363
23622
54896
62068
54949
21870
7056
40180
62401
295
52525
53358
51722
61472
33616
35573
39544
39135
40781
13300
26797
56001
23748
29957
6936
34322
32581
25025
42911
36327
485
52019
12515
49550
30055
50947
40501
54429
28926
51084
37156
6483
25634
39560
31457
14047
7658
5685
2203
44968
15371
23025
16441
54562
34760
61096
31757
35239
20057
60100
39525
60006
44337
16481
37715
44299
41007
24667
59940
47089
61017
26197
34497
16391
39319
58951
34966
32497
52304
15743
8381
23019
18766
26996
17223
11661
54457
56038
19621
59948
60487
4775
20444
17152
24559
28746
1587
24656
44697
7662
55101
4824
49523
61045
15795
10857
30110
42626
17992
12769
56768
49804
56365
4013
151
10597
50247
27614
16092
17189
26542
35797
61912
43214
47772
54736
57120
57348
6322
40906
18273
42140
15410
41683
27755
30232
5858
55762
32433
37656
48912
31688
52263
16480
56868
4638
46356
22524
56078
59560
58831
59030
61890
50368
21963
49819
24945
49319
25592
55312
29700
12290
61823
33967
55847
43660
37934
45341
42455
28527
939
35759
18662
36072
51709
15213
48446
24474
5323
2736
7453
55187
55328
43141
41400
26586
10018
46579
20464
30910
28485
46282
42800
31874
28107
36812
4239
61692
58210
25290
56408
12214
48775
26142
57758
22369
44590
30471
42658
21766
36490
45354
3570
60569
22459
62502
52310
27936
31403
10005
9712
15473
34684
24238
21784
25629
22337
8451
41339
23929
57008
43768
3725
52937
11153
14635
9318
19194
5207
24959
21034
17552
15230
11748
23935
57014
1953
34050
51442
22637
13672
43385
10306
5083
7836
47879
23548
6138
33012
38235
53172
55012
6264
49789
18515
28551
38997
60395
36825
52494
10328
60226
56619
11353
29787
56520
7772
410
57490
1276
32614
58193
47747
49906
12868
681
23504
51316
31564
22511
25407
17589
36740
10625
54244
55255
36104
33857
14706
6247
55784
40496
3935
6345
61722
59818
30221
2239
43806
12468
60772
50326
31405
17477
22700
14628
26815
27973
55829
20028
25251
42661
22684
61262
53685
20606
7624
29972
21696
53793
24770
33199
35365
57150
9486
35601
3273
10237
57971
17055
60580
1862
7085
6125
25057
35756
467
49215
61956
37324
59957
30360
16078
31747
25163
29976
38681
16855
53163
6156
52362
55654
2021
22311
27534
15588
24293
27585
13594
5698
51920
31028
56896
49932
42335
45817
41942
39381
22921
29802
10651
43888
22996
6594
62306
34190
42895
31378
41824
19882
40903
49956
14124
7160
57919
7716
6108
60052
35678
858
51056
40139
34115
43693
24542
9728
50151
15331
3144
57364
32990
49197
38751
25901
24233
32485
25521
53124
61829
14822
28047
17601
45457
17949
61568
36055
26216
27957
7065
45327
20953
38500
1939
16186
36586
19176
3146
3448
42751
21859
61902
36896
42119
32243
5972
58202
33918
42540
24434
13735
1123
4484
21894
52773
9248
13027
56646
31047
1450
54906
42719
4861
3741
7847
52266
15231
58122
56381
12416
22862
16278
3683
54172
17611
24548
54145
26638
1473
10178
29575
22611
17388
59457
3745
12450
58419
15338
20561
18367
17544
49294
50339
31188
627
33706
39770
17137
53698
45064
44462
9642
3255
15442
1924
43708
50672
49577
16336
21559
3075
15004
59214
19171
42532
14676
21640
39511
19199
15412
58411
49770
27137
49923
4059
58030
32744
1533
50281
1724
17464
19965
4296
6291
60609
50139
45819
56666
3981
25247
33952
28411
52785
62377
17111
22334
13056
54016
57498
29336
41523
21134
55954
54099
15797
12505
36983
23717
9789
57945
61427
26673
9263
24077
52654
16442
57859
61341
40449
45672
39849
45072
60143
11231
45325
51086
7594
21522
27473
950
9622
61852
60851
29513
48442
708
33791
41983
57652
31537
29796
13960
55744
16173
33667
6616
20874
34741
31259
55369
30995
34232
4201
2641
1457
22349
13393
20357
40504
10907
31738
21506
19037
31848
19343
41976
32059
4203
56801
26554
17849
7275
21044
40195
43799
16453
51214
725
18022
39955
13624
10525
23651
41061
52087
6821
24597
10426
15649
8572
59924
37700
53293
60257
16732
4663
19884
35553
14661
512
5591
43893
60849
35329
50998
30106
55394
29279
50171
2082
53117
25261
8510
53776
42434
26765
36022
27469
18981
11624
53568
2848
15035
34186
30506
58362
44523
51053
15168
42022
29835
8036
41115
4371
