1741985
2905491
172126
147147
3496590
3570578
3984831
231222
3971442
2428514
2252347
3183555
3460984
2225541
429334
1661152
794579
3813473
3817267
3771030
1029917
781445
3621916
274899
2075652
414083
2932776
3142425
1686846
1781010
3222133
2152519
1135086
1968526
54077
2514931
2764110
4025414
1504910
2335656
2767045
98832
490068
1680679
3905489
1679001
1038093
2559982
1010868
1428597
621337
2275786
1556753
1231398
985917
1358829
2629311
1128662
150819
51460
46222
2737585
666128
2061125
716886
1841114
3826809
3257389
1451069
1813197
74554
2180919
1079243
1746105
2686721
1167422
832757
3473430
1885491
1466620
3287965
1931944
776976
3776976
1347607
1578861
3611088
1760595
3550463
1709488
3740315
4048426
3339139
1478994
724299
1823808
3590355
2500431
2560132
294684
