217138
4092775
2874393
4062130
3249715
2692336
859084
3733965
3042179
3750626
1204835
3252909
535208
262393
2427783
3120044
3280080
2667382
2959655
3001600
1680574
4146544
1153765
1372540
2260416
3074131
748699
3402709
3200752
926955
2900726
2530308
3122350
983333
3594479
2949364
728259
4097151
3896214
2156955
588314
2668032
2328102
1770982
1933308
3338460
3520126
3168892
1701418
390445
3699338
2260903
4024605
1190715
2298510
1219376
1637948
638931
4108207
2933032
796218
906259
390951
2257000
3097156
4114857
1787751
3842829
564829
957932
1952629
2295100
3672823
2310945
1731748
1317810
19706
1196596
148339
2107101
2401735
1562112
1061159
762410
517156
1528792
1929409
228452
3115695
3210990
1080456
2788937
1553997
3282810
2988678
2796564
1160024
641206
4146142
1832353
2086660
3182317
2303112
3825067
2496364
1115751
3260609
1379231
3255421
122810
810838
2707030
334470
2101451
796908
925742
2173035
3536238
945463
899375
1861462
355273
1765072
1091656
3071173
713966
239117
2986031
2177210
3805927
621740
3759016
1399196
2989232
1374768
3523162
3993398
307701
3113308
2715294
2132574
3333864
2217883
2337486
3220553
1696480
2308792
339418
3257776
3604712
4165216
2574043
1249142
3911896
4087640
1922327
783489
1272969
3159892
838891
2922868
4062723
3850389
3051826
2787643
3699527
2170431
3670760
986957
2977559
2555078
3127886
2337806
1074429
174332
824233
3279869
1880937
2873307
3200578
956257
43550
3929133
4174049
246353
1612533
4035403
2958330
2026895
1485361
3665531
1827772
2901471
2937683
23769
2623813
4188972
2910030
971042
1209337
2310511
1991644
2037410
469245
3939836
1218876
581670
2278589
933434
4060270
2815877
1583023
1440644
1945143
721350
236
284171
2262938
1383151
3183954
2547775
1235907
964311
3681795
2116891
543027
703512
2149118
2291880
2600037
1940198
2833102
2130893
3342766
421939
2364111
1179814
1632270
3610046
367427
3518020
2726592
700068
1733579
2199669
1350061
4074820
1451085
1535031
2944146
3654831
3649711
425379
3937120
709024
1071967
1820547
147434
1758971
3195637
3007170
3330607
2387519
1109197
3664499
2681693
1670172
2051221
166499
1118826
1289444
3779956
1485318
1195622
691844
3484408
645058
1609552
2695283
982973
731958
1628535
517041
2716080
2052759
3574486
2438746
2168939
3593011
669872
2129287
43569
2080922
3949955
2248814
2376921
882353
3863363
3880657
3382731
3536189
570886
3194610
2159513
3174516
113366
4119407
1327337
1060685
2779109
265573
443325
3491816
2844938
3363390
1773354
3407778
2783215
3289360
3260518
2355218
130332
2112116
1980041
674199
2655017
3396683
3928944
1595511
981730
1086057
852452
1832645
2783725
3123220
1585867
3466420
59859
776692
2341618
2726379
361013
3843013
2030616
1701567
1678328
1731089
1993884
486178
1066257
581439
2743761
4043921
462684
2038152
3184988
3645045
1037639
3166882
76445
1189
323805
1759543
3483823
220024
3458499
3736673
1068084
2800379
2380652
2056390
2257543
2278460
3991604
1896159
2123004
1169970
9425
2433862
2903795
3581925
4062061
3384348
2953856
1544926
787049
6022
4109523
1635562
4174517
3152562
2531025
874860
3926833
1724183
1987755
1931699
3120557
2375742
440379
2900730
2667436
3597426
3145568
3138604
139457
996283
1865437
708299
990089
3216828
1127628
3070584
1283851
1687820
592731
361178
3664328
3058460
580583
3688268
876900
2798284
1966231
2622798
2828548
2929656
1865205
2924796
1435166
494477
1645326
673133
867163
2910215
225705
2139064
611832
486480
3087362
1926012
4050032
55129
1926304
3773550
1322222
2150916
1152082
2150534
2508539
4191221
721408
3524546
1853784
1394969
3921160
1788544
915898
1493910
1885658
1947696
3876724
3114166
3434090
86949
314097
382406
42253
3735054
2116732
2982009
2076609
890988
1877423
4018853
3391727
1142582
2332266
920807
882770
1996985
510171
2469697
3029128
2459821
4000584
3492793
2130419
356340
2221434
2934152
2427756
1424940
3626591
734790
747221
429428
691871
279813
716804
2896536
98377
1966470
4121274
2364210
1310144
2774325
3695345
1783727
2314349
1400324
362691
1114090
359985
3152549
2114703
987599
3251672
3973121
1642075
768093
1727384
2277851
632606
2139519
2253665
60194
3626253
1705601
3220181
182136
2913765
2673235
3129377
1368980
1112204
1240615
1900661
206938
3020394
3810808
847626
685253
3823151
126579
1305115
2935554
2585613
1481058
2644046
369957
2692451
577341
1736456
1081840
4023984
635948
3421548
2086392
1539718
4183632
884437
2736861
3365105
2907222
3507908
1274928
2596940
3303786
3263459
1178800
3670691
1068991
4110518
2331216
1460807
1237959
1789700
4192065
1159098
388208
274097
1644944
572488
4002258
1708536
2387526
1430057
1816044
832612
1593429
2732043
910734
2225189
849804
973415
733157
1925684
3817822
1715572
28543
3119731
599674
3818913
3963761
3032494
3939501
1287958
2837092
2230587
899842
279933
924931
2275947
3223220
1126173
2377133
2909904
3101414
2042886
2723334
524451
3601172
3284310
789457
1170878
452399
1120666
3885374
658359
2609692
48081
3072772
4183530
3704755
157845
229226
1516910
3104702
2159075
1167607
1851632
1132599
1080369
1540912
2265544
2524953
941509
1131541
3309532
2350313
3657804
1874368
3584030
3260022
4057400
3323456
3729109
4181769
1844865
1942361
3403060
1954138
469065
769895
1334604
3227504
1061368
3386663
1718678
1471456
2785234
1940013
2245930
3034603
1747895
231484
2971818
3625819
3300252
1007772
875456
2105906
3987927
2542744
1225004
1571463
2762981
4046217
2502291
517566
2288163
3168773
1243901
133403
4184710
937745
564151
1116048
586795
618133
446126
4201552
1145342
448888
1099582
949856
3438273
2109822
3650607
1648495
237640
82691
1585230
1173899
688160
463797
1910568
4094818
3365339
2758366
143797
4123723
3643584
2767473
1970095
3880278
3650996
894993
3323688
116766
359857
3702577
652539
2360033
3371554
3430746
1804652
1003287
1889770
2298905
1853662
2348624
937243
9290
1114787
1367589
3232200
3582141
94228
2783430
3464226
3378757
3622497
2050136
1451297
234338
3909381
2044770
404613
2424173
343360
3807943
472187
708963
314934
2686176
2421280
98786
3763591
1740549
1952939
1531650
2139900
2498517
3328974
3563129
1245858
176884
1704180
4038861
3055554
908901
659938
1899675
1267225
2281056
156401
401889
1462158
2977973
1743563
2708094
1224762
550995
3911053
2377232
181024
3862830
4061772
3253488
1035454
2733166
2432298
244344
4118069
1017037
388536
3160132
1264183
2863052
2568823
3107065
1506236
3184560
2677929
868152
1588419
3704830
2328576
1261343
4070016
265287
1005987
3953242
2654456
4076243
2018244
3454551
625426
2164470
174138
3598685
3976685
869869
2079864
1069220
2930830
209358
3461546
3446445
2046681
915057
1263257
1870263
518074
480149
3446632
2480377
2510444
1835786
3119132
3199218
1299787
3287295
707133
2261445
3847373
941335
2676838
2330245
3460154
3010976
589492
244774
282356
2622553
608216
3444066
2547651
3990940
3739259
2363869
3247771
1554028
4176235
2304660
1040194
578829
432730
4161528
3249244
998131
1616925
2705645
2181363
1570153
2064597
403683
4091201
646317
1201696
1568826
1175360
4191248
372922
1211224
1698704
3663485
2451749
2669498
2026554
489251
685685
2864816
2856877
119803
2351617
1897742
760869
3435045
259461
1599593
2440496
2369724
3749264
2951344
2028191
547108
526216
1259979
2878503
3623651
441103
1922002
241937
3464731
2415849
3078639
1046311
598647
2537450
2807305
3987703
1679090
869525
269637
2456333
2596606
643627
1856729
1059925
1808555
2797489
777225
1776559
2055119
4062492
846562
583671
4098442
2240795
3027529
3955558
1500748
1643289
2243934
635250
1319978
1892805
1801406
3660794
3758293
63891
3232511
1829265
3283000
258754
2332285
803687
1571310
4141539
1990202
2596070
2064439
2508394
1944310
3187400
2014939
1001677
3499444
2895396
4203081
3857441
1695119
3578881
2511791
874136
2924031
3666227
2578102
3537112
2584785
2516287
1934793
2621686
1117099
1731030
2122755
4197879
