1027103
2999951
2208408
1344293
2546198
2417084
4237376
3880118
1845155
1980969
2909947
2775764
1199569
2122519
759316
3590834
2948405
3366092
258037
457471
2681731
2938732
4738966
686684
873456
3858543
1725157
2128002
3829570
3133170
1886614
4748772
1636737
3552029
2029471
615924
575709
4810687
4148189
4592507
1547450
1304587
253439
2370339
3211373
1786973
3647887
3756188
1061939
1705591
2766788
3655530
1411167
3269357
1564759
3901688
2421061
3071887
1517062
2328321
2135187
4776676
1332820
3636282
1703772
2476164
71100
4004986
657649
4313929
2219085
344889
26455
698199
3255510
998242
3657135
3146875
1528857
122639
1393351
3987447
1750533
623196
2743738
655733
3570874
833284
2973084
599686
89810
2598051
205590
3710257
1676695
1156136
349596
1332258
4656585
1998295
985455
3681442
4729944
4492920
780451
2627263
2653295
931446
2063063
3858034
30730
4440896
419186
3000114
4409776
2411663
2202743
2558279
2503961
856862
2504776
1779926
1612790
408856
1813958
4004784
2489036
744043
1261120
2993080
3267861
70882
4233649
2262564
957925
3211299
2981965
194393
2858444
4679140
4466806
1146001
1101559
2597156
909561
2425972
1709359
458060
827903
1873936
227082
2480774
4311268
3123580
1474853
1419712
38097
2357109
831809
3688436
763264
2205160
4125055
3389571
3541884
916456
3102044
1990537
4227451
4397812
53389
2711418
756558
1698448
1204004
1754373
1960123
1584835
3917834
1237323
3404539
2975210
3545781
1474290
1657567
3418787
3628570
2111314
2264215
2192834
4621913
4204909
2002274
665186
2893321
3983187
3583209
2725367
1415151
3813373
381019
3666435
3616232
2288733
897586
974125
809177
346695
2988123
3990939
4057602
2742254
4268919
4381670
1670328
4007675
677142
2785493
2182879
2667654
1400206
1724685
4094835
2992782
4672847
342355
4170128
1949081
1914261
1567802
4065790
852642
3157726
2455707
1551583
1218657
1644971
1630346
1652979
1999438
4757311
4032803
402818
2246145
1058556
4480590
1686508
1663464
2296736
2975711
180803
2162568
286608
3153117
1835494
4469348
4016688
1528759
3047464
3859738
3927794
657192
2554207
2676663
2420372
2618846
3135690
4166003
287204
1052624
2181160
4286686
665406
3611218
834323
1271415
2639621
698406
1962852
2801489
2326876
1452027
3467024
1053165
336893
3419851
2626452
3822519
2415791
2532254
2321566
4138203
1247493
4419595
591822
886184
302949
2379417
3101932
3826188
815654
478114
2353705
3846677
338562
1748041
3001561
2797016
3805330
3274495
1567893
3749366
1839390
1326818
2846711
2137836
1516616
402376
2122914
2531945
2524493
4604214
2076210
1842916
3069186
74809
2663144
377432
3311427
984797
3150298
3475865
2962313
4624946
2653686
383878
3803042
2634831
2556486
1281177
173901
2288550
1475426
450022
4795647
991760
1564549
464198
980219
2236534
2190446
199088
385262
2288974
4688072
3407065
266301
2721111
4684347
3716351
2285977
715471
2167465
3975596
1860802
423021
3743222
3218653
247783
4135436
435613
1278260
4598347
77738
4073333
4508824
2614278
4009344
3890956
2123975
933178
2003901
2421938
286572
1416481
3040834
3600814
3746963
3602460
4620927
2580710
4079765
4624515
1299203
1358397
403791
4132475
3263716
1235729
3065520
1146986
3758486
255839
62588
286662
1830486
1371997
1568085
2200068
3343905
1249245
3045854
3412070
1967040
2641984
1223069
4265620
3765338
2477725
947386
1198691
1374561
3255939
261055
2169270
3476761
3929421
2576409
199536
3557263
4493837
2961411
3451879
3311452
922800
3738837
2701034
2241459
1915892
1427395
3294187
2914538
4659020
2423567
67467
1698438
521548
2434597
2136886
323789
3652001
1520431
2855353
2889585
1539211
3713720
63715
4456170
2163273
2502892
1237446
938214
1614337
3671837
4293538
2082960
4438573
2338927
1446795
14914
803587
2062898
1619542
737810
2719415
1273539
3822363
93112
490060
378132
2066552
205423
306447
2584511
1483599
4116741
32192
592874
2954884
188800
1500898
185553
91539
836003
2395939
3327956
4818064
1807875
3533683
3171680
144686
4185616
4325275
3127005
3905232
2534520
961975
2076215
2838483
1853077
4108179
533906
2579080
2187172
2500552
131794
77342
2641762
39363
1177977
1717687
1513644
185261
287823
1259003
3292491
2839414
2170773
3913068
866318
1239960
3114325
3025572
4243103
4800223
2425933
4391257
2850854
2478280
2710366
2794766
17871
296183
2394748
3688606
1405604
2250562
3687588
3962666
4769384
633959
1774660
2952859
1157888
1708475
110921
3819251
2958231
3920345
1759147
865587
3027909
3390592
1900296
3705455
2263907
1739349
2622036
2798315
1623792
2283935
3906547
4409696
3762044
3012809
967957
1072516
3590002
4136975
2507399
4013364
3985606
3372194
3015289
2863444
676748
1498500
3696165
2484483
4117541
1411517
1264251
2182865
2710002
1620136
4668627
1117773
1442556
3960919
2653660
281032
1927032
2652414
2069730
1358338
2298204
2537403
84334
3371028
2454206
846817
265128
3080860
1061300
3720918
2354233
875205
3586803
3837507
2836432
3425700
4682703
3380435
1093869
4639187
3517438
2456738
657956
1201835
2516290
4822434
1793094
3784638
1871279
2307616
3113107
4746165
3497857
3785061
3569177
621436
4484644
3633662
4543047
632151
3464747
723682
670583
3135839
190572
2506702
1188765
1965251
4515816
4372281
3186660
3353729
290695
4488129
2869712
3736730
665052
1640716
2072484
838115
3763880
1410419
2430116
511538
2539410
3168589
3513646
3895518
1005471
4191501
1171091
2195622
2260039
1594624
244515
2643613
2659282
1844010
209211
2988441
1261369
2157984
1835899
545818
1243722
2941871
3724761
606053
2618649
1588372
3864301
2684370
4129400
3769013
2848024
2219241
221924
4076275
557193
4299190
3416503
4529370
3953099
31405
4723487
349233
3865089
1996056
1939887
3108098
35120
2399398
1501042
3626803
2473759
455940
2935025
1125714
575558
1524403
2543681
2825723
2068284
4312433
1437301
1801170
85215
84524
3379816
1188990
708401
1107090
2502364
3748920
3583666
437679
703813
951035
1383915
1565057
3540376
2709323
1861456
597013
471661
2627703
3531357
4349681
2438089
1672049
1327247
1175780
2183685
951057
2288960
1314000
2913393
3333064
475893
2807092
3469050
983827
727421
484853
2190531
3560698
632464
519071
3398685
2829234
1127237
1973674
4277251
1914116
3481016
2655527
1147821
2340107
1786469
1451508
3357304
3944021
4151673
4026321
3633027
3702667
43796
2204725
1290591
1525905
1561455
2687882
1619086
1538844
2447646
2293189
2780728
1744833
4057083
884981
4492333
2097795
628203
577714
4515769
54286
4704053
2408706
3601015
851976
3767788
2954741
801011
3451071
1999232
782273
1069485
3475547
747400
3304503
1841511
3932452
3367548
418294
2232416
1752629
2321936
4351943
1094532
2717189
510755
653517
3914890
3686710
1494774
2060189
3216213
4292151
3980947
1552506
3446714
1282651
1620084
2928449
2206513
3425709
2786762
233060
65924
3641531
2393234
2971246
1965281
3674399
1236537
3276989
2459149
908167
4522854
64153
1431782
495124
3799595
458100
2342452
2335045
4366291
2336145
869071
362440
2194869
542947
555134
4054826
3198945
4385368
486487
3077095
4648156
649199
1863947
2493930
3981501
3378421
4625455
791773
4608372
1058473
318548
1449062
4469697
1606646
330039
686944
3524774
1750695
3046994
344962
3622946
236323
1757957
3983878
75696
476126
3340071
2180454
373401
4113069
4569211
565921
2573323
4624221
3916441
782962
1635510
2572168
2057793
838967
960631
1698815
2550164
3130227
3651191
3238574
1249083
1492823
4226668
2917436
2384657
1939307
2050731
1675952
3495297
787809
2177127
509889
2022818
855242
4372194
4201678
3120517
282303
1643296
4582104
3888605
2919975
451864
2424417
229016
2596554
4598704
1802568
3529640
2637853
184932
195047
2373239
3139279
3658363
869281
1422986
3351032
10053
2879221
1339394
3933027
4790416
2341596
858536
1407797
4238663
2419519
303808
3145120
3412897
1107813
4070995
280241
111970
3150281
3985961
3978997
712850
3118912
2859871
2786380
3584859
1385976
2366159
1462875
2503993
1582003
3396125
3431604
325660
