2307549
72053
35512464
36387648
2788225
5632292
12154084
8067821
23641939
31535436
18642611
39151629
16773174
22993885
2198221
20107143
15290278
12130399
28881713
5696202
1101858
35667255
24292000
26857150
20637878
13742744
15965477
7250381
27010846
28685688
13716291
35445714
19188103
34978780
40878425
26600224
27756829
21613789
4971181
33865495
24461837
29838237
36447720
27694673
39691101
24637040
37393193
16051249
2389953
22339412
12217260
12080646
12028501
10456313
5995039
27269945
2358608
1805017
16668935
30642900
5429868
40668911
23386004
39830256
40731820
23053339
37435847
3802285
4787071
19980206
5509324
20598331
14652931
12102366
14934659
18651694
17928820
27853262
21026400
7141958
5680883
20519801
34822858
20397183
22659450
17406753
16121895
37650941
37628678
31489222
99406
27065046
38486934
5735041
10691798
34251136
40392025
14321458
31831760
9661059
