9422238
5650448
34272561
9228520
20085561
38259240
12772143
21605024
10055475
24247007
11392048
28247839
3782315
10374406
886989
18524890
17475067
20587521
16928972
19655384
9078879
25176165
9408920
9300760
21391179
4404242
30709092
19055855
39758108
12431862
3096483
30750361
16062115
40693783
2103348
39207374
20342937
28184401
36328311
40429697
39867563
10403622
39779947
32855342
19560172
35009205
10550633
1636129
31264467
6694647
2566954
4457680
23922947
33581544
29080707
1094268
14804932
27066066
20929373
26909645
29498512
18932179
15350109
7758229
37555434
13662685
20266209
33263305
14277898
7764980
11198232
18125671
40865714
12758750
31131286
29138803
8206379
10069249
12307809
30280648
38524639
37091796
35397239
29638667
33237140
35025322
34514786
16111781
13108556
38208769
25017839
24156044
4609963
15105106
5166306
31194504
31962186
9553775
24964450
28606358
29273393
15267048
40308084
27723520
17543375
40828787
6131930
19838172
4692161
15440024
40061089
25851374
25745034
19601339
922531
5683557
1264899
11880208
40584802
17389643
12970133
39575843
17357781
7378369
4758088
13204515
32356548
13226788
19942468
38899707
5743201
37650508
17587723
13718436
4313777
10346046
23035883
5563083
38198128
2059077
992469
3184603
18779630
26815402
30481044
131957
38674480
33987708
32762143
22342258
13427522
38345769
7226493
39701485
16140771
33237391
14504265
3800285
6815697
15901976
33883383
7156869
448596
38238477
19889465
13506268
20579343
1524296
38637193
5194324
38097270
14238005
17642663
36124513
29898306
35479892
31548552
4880883
5563101
21919796
18125644
31515675
29680661
6654179
16076471
10098623
32722961
21047815
4754434
38595992
36186543
32702872
3001252
17785824
25830632
39222404
16899821
4869511
30753684
28883459
40676993
13437339
17638950
9787040
16005704
35258966
39989379
40900383
16689156
34276738
6589615
41288909
18255608
3530305
32352917
6483558
36712980
29868138
2759027
3624950
20801656
30595356
13517647
40651879
30431433
7454321
9266113
13535661
29995425
5713659
27462231
10707597
28371704
38393850
40146840
34193420
4393146
39118064
29084048
8267086
14218451
16030832
40657933
8417318
15285563
4003494
41285268
9504482
15594500
20852592
23342222
16205797
28461884
14257656
22847432
25386623
21783529
19168987
2530250
9422453
16175452
7163602
39216930
8672826
522657
15897120
3247836
9221207
29063391
29200406
5803608
5016676
12491636
891451
36059572
33236609
29592923
30125669
35833722
998053
33145329
33916592
14446825
29099081
10278336
8958658
13460884
20576665
25963319
31000902
1420288
26931816
12930694
13694438
27494832
11797976
1040543
32683247
5506964
2163938
13630006
22552631
39405511
25054893
7288930
28266239
30562440
26404932
11660314
25351665
34018678
10626521
31536983
16996585
8707684
26824383
10061065
23032276
18599690
32724234
35596998
18886854
29609673
11605604
22318055
9507777
16700402
18966921
41050480
9810223
12733622
1234317
5967894
34365234
25033490
19747361
36374987
29202948
16736065
37506195
19717184
28985646
21693176
12918523
6725786
3654662
37885486
10799985
39726646
10290405
34590833
15715250
30732422
34393745
26010830
17028567
2045626
32691029
4661069
39012961
13284463
1779091
9792322
11381855
37457564
22392691
160269
16062275
40596671
8459372
17856386
22476932
10269873
34567302
3196218
31161925
9274073
22595790
25753964
2139734
10240607
1350992
27360671
33225680
306284
37180664
807721
24547333
16628531
5426937
4519876
11089086
28629661
15622782
6179598
13842551
32336758
41160747
2244174
15408129
30748471
36396275
26578795
13718597
5760650
27037411
7761134
6826716
29592032
31641897
36955429
8432361
18860951
9951557
25583996
9561573
26391514
11044830
22070987
2021631
15384581
5389500
15081228
30086907
18525304
7840787
31338505
7308119
7943475
36315557
26206513
16016950
29863635
21171934
34308660
28296337
19312777
18338210
33632895
4297055
22067036
34685804
20918069
14093753
28355584
33326139
21696326
6890757
10808868
41027405
6551374
20718098
34996039
192528
29544200
19655023
30380051
12799433
19459930
18898644
39585184
26442162
13460983
40450771
4201410
28024695
3083214
21937321
28990189
21549155
29647475
2980631
39908484
7179425
3957671
7979381
23498526
38749686
25305684
1062259
33280404
8662664
36416219
13760853
38122476
15734863
3727186
26614372
25954972
18571450
32844168
9618564
21347681
30226115
37352028
26014662
21761399
39234145
2694037
27454539
40490036
11049946
39377757
22056899
28449749
16217483
35822408
13570354
11715312
14865185
3110525
2753204
32036824
9271567
31565072
34336744
23747203
36300290
29379815
33963327
30575857
3600803
35267584
23741285
24501737
37228014
535335
17349225
16194799
32939737
30647292
31467908
11072322
16050160
10762743
16593352
16963602
17127256
30842662
15192801
32818685
31867207
2053298
2515001
20227553
29714262
8733523
19436910
37024313
8672128
14389572
31645635
7228110
932654
34611306
11562207
32999448
12791661
2682695
31491376
16748588
14129787
37689922
3306913
1153945
212667
15073843
23172863
23195084
30968797
35520344
37924207
647656
7092838
24913700
32006534
18818459
37406386
38966322
29625045
19149344
14927419
712215
38091468
30121170
33108506
14510352
36040354
22690366
6877
12973845
13730750
8556911
21685792
19535657
35838381
16045231
18019887
37445156
98298
20830126
5082021
36402801
17298356
26684087
32125763
23656670
36846486
12808499
26410141
38688815
29435400
27987743
39888010
25806802
15979344
2103574
38419488
36144352
39431611
9173587
23141630
32876805
40715057
22354614
4843037
36392433
36442209
23078100
17661114
5166596
11583922
31403828
3533900
33440074
8845825
35738173
14044140
34478079
24620331
23901946
25901518
24364154
11314958
29536678
23906289
12676552
26480941
18270385
15273090
11016345
7824112
19224180
21931435
15476753
21648598
34991622
34935904
6576755
3131521
784702
4122199
30750364
3239194
1739688
39541469
7249401
19312112
28332433
26341596
17531851
38188833
14321581
36107752
18125503
8952174
283222
36379375
40603041
7467730
17852518
14747281
32919121
19897854
29159002
3033556
8330434
38292969
3328466
12523108
29877396
20732111
29289126
7143606
40077597
35801289
21814188
22667278
760071
2784854
16820796
21836801
35247724
2246767
1487490
1974970
6843741
11234543
21367790
5700531
15808777
23524402
14337945
32250164
30859105
12274119
13489630
11804571
9038122
36490933
33525327
10671677
24301966
36755807
36620273
32290406
28210183
20739552
38865104
10509437
37888403
29313681
30938266
23110730
40677437
14954353
23434764
9386154
7055064
35279337
26574314
5768375
39256510
15651510
11302492
9927697
22689459
13754647
11247464
18224853
21316869
31032427
7288946
27091080
37765978
19204036
18956164
4476350
27289569
19394134
7468284
35713761
20593176
2450011
29365403
1634015
9846348
33461272
4708876
28604101
10652650
26584182
33575894
15448504
17978177
8437605
9334387
30374225
16980712
16481503
33618166
244937
11321737
7201609
34703047
6946284
35709158
39452985
41177170
40390192
22043876
10614529
35078375
38811079
146539
24405793
38979992
23479869
11739980
33892671
33568689
34457257
23185444
39979032
33480624
7439410
9007037
38652805
14726100
13557889
484571
34369654
18330529
13340680
34496677
32054054
26286910
11073236
18629176
369014
38567547
32794391
4255960
2749995
5707857
16600546
35444308
21566164
3917647
14909635
13951880
4110007
14777114
19259995
35568022
24247492
33651913
6700764
33648755
33869862
29747564
29502083
13808709
37103289
9997887
22273131
38413154
40392144
22424745
33974543
34979100
39996054
12961730
13346491
2781983
38529490
18175998
3858014
18430184
15882647
23146099
5391520
15764993
22552035
10396626
32509067
2437476
27957054
38177647
20384627
24483111
24152321
6199030
24016424
724501
33609452
27641304
1665584
8692816
31468578
13896772
31620152
9797503
2312944
25938211
4443825
15191710
27117560
19224339
18588670
38321605
1628289
8021085
16701711
9062623
30614188
34360820
17739922
25981816
34948383
18546422
26375762
12980508
22520959
110807
112548
25216152
5246185
37383304
36098446
11602565
33228773
23952783
33290963
21770766
26475171
16885737
4209628
13222702
18914487
6600394
11656078
14913622
24149627
22587009
28522078
1904555
7266021
17605820
11773470
33006017
3034702
26119938
21313037
19469318
26703240
35037852
11692783
25204684
28732885
26198043
39121486
17042413
13806538
39089340
3101076
26287714
19666691
30369152
19522722
37584590
34433823
17639835
25348983
35357152
18138140
40506508
19940786
29815738
19899100
11657127
9731336
30549184
26809190
38002079
25568921
1999931
28983418
23100579
38997650
33963727
23549065
35275756
9780360
21385866
19543961
31567138
28572618
28995681
31024525
16078668
27534448
537813
35968904
5958340
12756945
14087969
376896
25367210
23732411
17811111
3132740
27716263
19720760
16287884
18663274
38521120
40522276
12424277
202457
