1052
2432
2839
2945
4332
2467
1770
160
2827
2847
6757
3190
6493
2532
5605
28
4040
828
6401
301
2031
3476
6989
3714
3122
4718
6266
4238
2924
1448
856
2927
3010
6743
5799
2650
6632
3277
2441
2663
5705
6737
2258
5737
841
3955
6081
2656
1332
2829
4973
5289
878
6009
3058
3735
2862
2573
209
2653
3385
5866
6540
4762
1755
4603
2502
3652
2675
5170
6921
2997
2728
388
1014
5379
5795
968
4046
6335
1564
7103
3207
415
1722
4913
1565
313
6254
6756
4305
4475
2808
3239
4775
4437
2693
6506
1752
5485
3533
6959
3218
4248
6858
3937
5871
2314
4655
4782
6494
4541
4249
86
1050
2783
6635
5964
2999
3324
2875
3503
4195
932
2665
4689
491
863
6587
329
1274
3795
2036
5553
2075
3219
2
2900
6018
4909
4780
2871
6393
79
4214
1495
2533
2612
6622
258
1390
5838
3502
2144
6835
4000
6645
2245
3390
2575
4917
6718
861
991
1737
6357
5332
1201
2882
1317
7104
4865
942
3623
3355
3554
747
4001
916
1935
3246
6032
3319
964
5429
4338
3706
4329
1205
4630
6425
860
2293
4388
6065
3703
3860
6910
4597
5706
2952
2158
2351
6068
2422
5018
2673
6748
2553
1115
4420
4832
6145
6483
3394
2297
6340
6175
5359
6886
6958
825
2059
2539
2244
5664
5994
6485
3287
1831
893
6415
7055
439
2977
2496
1598
5153
7082
3724
5803
1802
5828
3542
6099
2230
3294
1095
5459
7105
2492
381
6284
5763
6215
4873
5635
4869
4247
1943
5331
169
4841
6235
40
1754
912
1169
1810
5430
4884
1950
5013
2594
3906
6185
3479
4558
16
5095
5437
4864
534
4250
6016
1836
6520
3387
2680
3974
5251
1306
3991
5148
4938
4777
275
3801
1678
1291
276
896
1232
6811
2157
1701
1207
620
582
5934
4136
5219
5829
833
4814
3340
692
2447
1167
6337
4148
1618
5150
134
6661
2697
6946
4590
5314
4687
2591
1121
1295
3366
3828
243
3508
5038
6634
6356
202
1075
1410
5746
611
5472
3715
5043
1637
6863
6451
6790
5701
1748
3727
2399
590
3498
5433
3594
6853
4153
5776
1192
855
5117
1958
660
4806
3951
6705
1183
6730
6061
1745
5052
1158
1043
2099
6424
5999
58
1904
6722
3217
6211
4370
4911
2759
1101
3567
2679
5943
5778
410
3650
5381
2647
3265
392
4644
125
4532
2630
803
616
6412
6836
994
132
4860
191
4859
4399
2219
911
211
5616
4255
6052
5564
842
6597
6395
6574
1857
5981
838
1098
633
5191
6221
305
6458
5694
6107
6303
6504
984
3168
1250
2238
4372
2644
508
2468
2906
2311
5184
2047
1610
758
3977
2286
3044
4693
868
972
6709
3528
2040
831
4021
1974
2785
5789
1628
4765
4763
5031
6616
6438
2993
3000
6344
5573
5906
1938
3702
1419
4704
610
6160
1177
5138
4868
5688
3538
4155
4888
2461
6642
3631
1592
5832
5383
6976
677
3855
1397
4028
5788
4676
6657
6749
6524
654
3628
2765
5015
2777
3186
2576
5297
6163
3034
1376
450
2014
5895
2444
3227
5585
1579
4943
6237
4554
185
903
1741
5707
6015
2926
3825
5231
4702
640
1544
2824
1081
918
3128
5747
5928
6763
3399
440
2569
4641
791
7007
5370
5680
2558
2442
2064
1356
6566
384
608
6888
3793
238
6884
2769
2819
2459
2418
553
6612
26
1784
3723
5304
6932
6271
2815
3453
6640
4559
5692
4274
4510
1622
5386
3318
3822
1040
3311
3845
6822
5998
4852
1740
5081
3893
4058
2698
2108
2289
2371
3336
146
895
1204
4898
687
5160
3116
5489
686
3245
1478
1363
5939
4431
5402
6138
2007
4019
3670
2231
2032
1307
850
82
3191
3985
5226
5432
5577
3944
2577
3885
486
4866
1510
433
6600
573
618
3709
2335
5911
4785
2743
591
1772
1923
1161
5780
1078
4904
5527
4080
4032
4677
3310
3605
4151
5533
5435
656
5933
174
586
6541
1440
1808
6484
5210
6937
476
3787
5308
1858
3887
1964
6769
3225
2668
111
944
3334
4682
6019
6904
5005
572
6746
830
116
3912
4138
7106
2911
6142
5235
1859
5292
2321
3786
908
2202
3678
4468
5727
5032
5843
2637
4446
129
4006
3094
4801
3323
1955
5804
790
1939
2528
3206
5014
3629
5230
3571
2664
3368
4640
6804
4716
2640
7034
4989
4017
996
6554
6256
1021
232
1412
6942
2408
3042
3989
431
5446
3057
5176
1639
1641
805
5781
5885
6124
5708
1928
3530
7092
1277
3061
1145
6974
2090
3737
4095
2281
6421
3023
1195
2711
4983
52
6754
3832
2527
5882
2771
7005
6515
1670
4791
2193
3649
5630
752
2159
3986
1133
511
726
3256
3301
3261
807
845
5947
152
2590
5087
2937
4015
376
3965
4793
2195
5338
5709
6212
1580
6039
286
3306
2477
1422
5638
6659
4315
6669
5100
5302
6780
3862
3255
2582
4457
2753
905
948
2629
4171
3102
3037
2045
3582
5995
1787
5411
664
5362
5253
6349
1979
3096
39
3232
924
3362
2565
3896
5669
862
3460
3174
6242
5877
2348
685
1971
6339
5218
4987
2191
1369
5937
1441
99
7017
884
6847
4386
2747
1854
2774
3351
4885
2515
6579
3595
245
6224
6735
5348
1552
2350
5556
1556
5881
4137
2094
2733
5899
1006
1193
6513
2379
6809
3710
3073
4334
6332
1320
1557
1022
1760
6829
5147
4732
2702
5039
2095
5621
4473
5886
6278
3108
6691
1421
3349
1728
3482
3695
269
2083
6251
1282
3289
5513
4355
1414
4999
5099
897
4074
1563
3866
4817
1605
4713
5863
1458
248
2068
4327
3531
5608
4164
5883
6022
6028
2832
2417
1072
1361
2266
5453
2261
6286
1535
2519
4112
5367
189
6201
548
7021
5076
6783
5152
3216
6218
1729
6671
3254
2429
214
2792
3364
3823
6414
5932
4636
4851
7020
3247
5835
7067
380
4844
5717
3549
2375
162
4829
2713
649
3504
5818
2716
1829
2416
5990
3478
4013
4501
1771
2054
4519
4803
203
3298
5022
5698
5373
1844
4639
5751
6320
5660
2886
3780
2837
4326
5961
4507
2386
2981
1057
4544
2439
3223
4516
6295
570
497
6603
1995
3155
5949
6488
4328
6874
2801
386
3969
4612
3816
6791
4192
5225
3065
4741
4653
1866
1894
6326
429
3103
3177
5105
3098
4394
2863
3271
342
1338
4512
204
1584
3496
4652
6879
4952
4391
5415
3995
207
6299
3997
1554
1481
4528
5535
3968
627
2339
5531
6403
6379
1491
6636
5509
6914
4154
814
2694
4683
347
4226
967
397
3935
2011
4385
5654
6876
1434
6719
3312
1037
755
1059
5985
7004
6869
3913
6060
3558
4035
6236
5211
4549
2778
7063
5449
655
5612
4307
5650
1824
4560
1783
722
1723
3754
6662
5940
3150
4223
1747
3158
3667
6321
83
581
705
4511
5549
6157
2546
3077
4650
4853
3556
5601
1877
6728
6168
460
4378
4837
3196
1614
3015
1246
5017
6752
3820
1398
4365
4411
4620
647
4508
3127
27
3807
3675
3981
428
6832
4368
377
5663
4970
6544
6802
2857
6460
1604
812
6361
1211
5816
6898
622
338
580
3802
2425
1926
4121
4408
1530
892
23
6155
2282
1994
1404
2292
750
2941
5321
5618
1399
2243
290
5350
4101
4167
934
3237
701
6761
6072
820
597
1512
6982
4833
3489
4439
1140
2178
6116
4824
797
1170
1815
1107
441
6751
1400
6291
6692
3742
4012
3106
935
5673
1945
6673
4807
3956
6174
6626
1589
5652
3941
2812
2079
296
1930
3792
4575
4377
5897
3541
2070
6407
2446
3999
1705
5756
394
1416
3295
3874
6057
6277
6545
1519
5075
4410
6509
3032
2362
1730
364
6727
4417
5896
723
5143
1010
2710
3852
7056
492
643
7027
1442
5450
880
4914
6104
2253
6806
3063
4356
2895
536
5634
1046
2609
2097
6672
7058
2717
5609
648
1335
2078
2168
233
6779
1263
1689
1380
1269
3367
2026
4314
6923
1496
5179
5145
6496
3354
4752
445
4615
801
2113
5037
5412
6328
1436
453
4907
5247
399
443
4263
6153
1758
4436
2866
529
5311
3746
1517
3809
287
5534
2982
2992
363
3347
5528
2123
1468
3591
5278
1855
5640
2192
2164
422
680
1672
1800
4739
3745
6787
4208
1602
6838
2685
5748
6465
3264
4735
5410
6082
1677
3456
3980
3209
3236
2562
1102
4887
5469
1035
4822
2145
6500
7075
5209
931
1266
3739
5774
1024
180
4350
3269
5736
3126
4450
6714
2497
5374
5306
4751
6814
3960
5699
164
3356
4893
1782
4916
609
2661
5073
3925
2187
5003
5233
4647
5161
629
1751
3379
3931
2874
1645
3949
4651
6074
1919
1231
4488
240
241
3369
459
5862
2662
5819
385
5587
295
6468
5580
552
5566
6342
4291
986
5467
3905
6230
5050
5760
3693
3540
4542
1765
3381
4403
462
5004
4430
2368
6367
3304
5785
5007
1190
1371
5848
1180
7091
6712
4484
1002
112
1129
6114
2085
3544
2677
5965
3350
1925
6977
6568
4553
1912
3833
1438
3007
182
2046
3622
3441
5741
5865
1954
3331
5238
5615
1967
6250
5158
6255
2501
5486
5380
5389
5085
5833
6378
6559
960
3806
891
3911
3275
2052
521
2707
6644
3054
1719
1906
1656
2554
4627
6878
6525
2411
4
6720
6990
3303
2883
3491
4690
854
260
2888
6995
6269
5267
5178
3902
1864
4156
1814
4191
4891
2290
6195
1910
5894
786
871
6608
1036
51
6120
1415
2135
2197
3337
2658
4871
6855
4579
163
3452
5229
4759
4658
6014
6542
4072
3361
4608
97
5661
5847
4111
4514
4571
2305
6941
2395
2332
4472
2104
5502
4699
3564
7023
3292
4342
1272
3757
5481
6880
5889
6092
201
4160
4703
772
92
6925
5077
997
154
334
5987
6668
3720
6352
5408
2322
3060
2879
1647
4077
6637
4772
2491
3946
3853
2626
1321
1018
5388
2578
59
1131
417
2232
3338
3923
5823
6041
1354
6589
2061
353
4939
526
1529
4251
1492
4221
2814
5421
6380
5956
3569
6784
2308
124
4188
4789
1420
1426
1331
2272
518
3764
3290
3424
1690
3363
848
657
294
1795
1583
2173
6048
733
4039
3993
332
6383
4634
4448
1430
206
326
2182
3573
4168
550
3283
4624
5200
2174
2042
2405
7112
821
1707
3681
6683
4915
5318
6931
3423
3736
3762
1780
4241
929
2949
6588
2516
4490
3838
644
107
2222
2788
3886
867
316
1009
917
423
4331
1068
3117
3644
3901
688
4451
4638
4912
1508
2252
6318
6289
3971
7010
2914
7
5057
4232
130
3945
3458
1997
6112
3560
3291
2336
665
3136
2947
3388
5236
1727
1776
3187
1265
1339
3884
4698
1008
6902
4948
1631
4666
6776
2397
6887
4275
1881
5131
5271
939
6083
697
2745
5497
2324
2536
1959
5505
3687
387
7028
5266
1244
1972
2276
2487
4797
5227
4201
3789
3730
1120
221
1150
2686
963
2015
2240
6023
4310
3692
6907
4178
1229
3632
1038
5662
6243
1382
4088
4270
3317
3660
2639
1188
4953
787
4351
742
2621
1359
1713
3425
728
3500
5326
5944
3028
1427
5923
5139
947
4235
3146
6454
1872
302
2033
6433
3040
902
7059
1793
4346
304
2676
3917
5656
965
510
5752
2953
3718
756
6850
165
3774
239
103
564
432
2624
2720
2138
5010
684
3880
4225
6955
2372
1561
1173
6841
4889
1330
2695
2251
1617
3487
3904
3609
2489
6234
6507
4875
5428
1182
5400
907
5484
6358
88
6190
4337
5827
1286
6064
456
4374
6011
382
5759
2278
3391
1597
6463
3234
1344
4602
1545
512
5653
6551
933
216
5646
3230
3808
840
2002
1197
4418
3966
885
1171
3994
5114
6968
6264
3137
6553
6956
2672
5917
484
5202
937
969
771
1212
6467
6347
2760
3048
2951
3384
796
2254
5041
2689
5908
5604
6322
7009
5976
6050
3691
4119
1189
1459
2967
4661
4623
4397
4405
5208
5750
4179
6512
4069
4244
3790
2176
1669
853
5366
2458
3321
4786
3012
293
6240
2809
6871
1833
1500
5063
4230
2567
3038
6373
5201
4504
2474
3519
4656
5796
496
2889
2326
1234
3618
6013
1546
3964
2062
3372
2006
4027
3505
5728
4663
2414
1152
1534
3576
4701
5424
179
6693
6273
5657
3062
6653
6729
5858
472
1210
4492
102
6947
6948
4145
6502
2869
632
5286
6464
4743
3393
6123
2789
6194
1733
4800
6649
4669
5021
6210
1444
62
6249
5860
943
2239
4547
1298
2028
2149
5562
1208
3208
3920
4279
1281
5757
4538
1311
6365
2598
81
6203
3445
4261
4210
2355
6563
89
299
6593
4402
5466
6368
1984
3378
6205
5368
3107
217
2746
4442
5406
1387
5091
2758
6336
481
589
6949
3226
4052
6076
5470
5909
751
2902
2096
489
4367
3758
4181
5086
6796
1258
5791
6596
6666
1851
2948
2643
3175
6984
264
1724
5002
6126
6459
6999
1479
7068
5561
4272
5296
4026
5351
681
3673
5416
2177
3690
1852
2069
5801
5221
2731
4919
4014
938
5628
3001
6844
2269
5135
4098
5879
6491
2073
5164
2830
765
4398
6227
5837
1313
674
2172
1497
5836
6908
6765
7088
2246
282
2161
3485
5064
1792
954
4189
711
4882
4063
3798
1883
4229
4176
6100
2359
2376
4296
4392
4425
210
37
6315
448
5530
2270
6396
2051
5861
3716
5522
2896
6111
2295
5080
4037
2343
6681
265
372
2277
2579
6232
5215
2946
1779
3888
6675
5888
212
1957
6434
4325
2387
2482
6219
5339
1847
3243
1553
343
4546
292
2428
3813
4271
3068
5279
2560
4406
556
1749
434
2524
4692
7054
1142
2142
2233
5026
4387
1007
3614
1531
920
5188
6012
2443
2915
2509
6859
3597
5631
1812
3490
576
3235
1045
1260
272
5507
1185
452
6980
1905
2602
1214
1375
1875
879
1123
1898
3915
145
4357
6304
1433
6080
6929
2065
4379
5538
2198
5418
653
2843
1685
2525
4259
4723
3309
6418
2488
413
5205
800
6223
7019
5644
6148
2586
4533
5983
4555
1963
21
325
4685
676
2749
7033
6889
3653
5516
5483
5617
6723
4744
4276
2611
779
5685
4082
3548
5809
213
2263
4740
1029
1017
7087
5567
6533
263
5496
1308
4673
6536
4029
2105
2537
614
524
6466
2340
6624
623
4678
6701
3403
196
1940
6766
6472
6179
6633
1389
872
4815
1065
6441
5526
2342
6619
5111
1296
6740
1147
151
8
3462
1633
1425
3752
4185
2147
3111
813
5779
4500
3516
5596
3794
4840
6370
2721
617
4631
50
5451
6489
3481
6435
2750
3815
4599
663
1841
3398
1135
1097
2816
6338
5907
5287
122
1590
2555
135
494
277
3876
2856
522
7114
5643
3093
5876
1156
7072
992
6248
3589
333
2440
1990
4901
2835
1686
4611
438
4958
6217
2520
783
3520
200
406
2437
4124
1908
4686
195
2636
7069
1818
4635
6750
4023
4239
5668
6674
6862
2920
1278
1682
1366
6917
579
172
3851
2010
1273
1196
5192
4194
6021
1159
1609
5300
3749
4433
395
3365
4576
1411
1570
6182
2127
1667
5284
2876
6702
6997
155
2004
3086
3878
3601
2671
4784
5477
3961
6704
215
1558
4645
2917
4165
3722
161
5427
5151
5842
1721
6527
1532
7050
5133
2571
5716
1762
5734
3602
3113
6713
532
4038
2476
5097
2511
2735
3183
3203
5280
327
4323
5504
1439
3305
1921
6136
131
3510
1235
3698
6885
4778
599
5826
6000
5471
6808
4330
2391
5784
2701
6164
1289
1937
2787
4694
827
1134
1594
707
3655
6300
5520
4799
2851
6534
6127
5288
1767
1293
4499
5581
60
2421
2196
3231
3315
5492
1219
3406
7048
3705
2960
5841
2596
4711
5312
6960
3444
6444
1627
1607
2209
910
4834
3020
6474
694
3863
6707
3619
1879
2884
1835
6918
1856
1505
1000
1474
2974
336
4643
271
5106
4981
2538
5565
901
585
5623
4921
4899
3402
2779
2361
1069
3546
1469
2922
5542
5020
360
2508
2307
4030
2969
883
5319
4714
773
1936
5559
6732
3713
5872
6680
4591
4720
7090
6166
1119
2471
5873
328
978
5044
4926
2490
1386
5301
1863
3267
2140
2852
5723
7084
4897
5973
1352
3033
5358
3804
5715
2928
6122
4881
3322
6813
6042
2255
5982
5273
6585
995
1112
809
6860
409
7061
6627
137
5204
6788
1650
6514
4380
1621
503
3532
3142
5112
2648
3397
6222
6128
3443
4708
6950
3803
639
6348
5397
6389
962
3750
5749
6893
1973
4684
3299
3909
1588
6688
6239
601
5181
4855
6206
1978
1743
1060
1932
3545
7062
4236
442
5619
533
4956
2331
6386
219
3837
5988
109
1374
2211
1744
4233
4454
3765
2485
3278
3934
2872
1965
6162
3555
2409
3616
4345
4234
1454
3895
5317
2156
312
2678
6192
3773
717
2304
3011
4945
3561
5069
1504
2455
6821
471
1349
1486
3943
5887
1901
1428
5993
7071
1591
1319
3114
546
1657
2910
2898
2892
6511
2271
34
6561
5984
989
6095
4551
1058
5696
5299
2840
1927
5212
5336
6036
5805
3329
4447
3929
3657
4215
1817
5765
6820
2794
2985
691
3339
5690
6896
2938
49
5721
5183
3551
569
2074
2826
6510
562
6516
1869
822
1886
5240
3153
20
2216
3990
5228
5859
3353
6928
479
1476
3599
5457
2802
2894
2734
3846
3049
1243
5658
3139
3090
6611
2464
451
3645
2384
349
2913
2063
6706
3784
4969
3119
3712
1934
6978
3791
2517
4254
5324
5991
2259
5008
628
6981
4823
3281
5104
2456
1368
915
808
6302
4075
2131
1821
6552
393
3731
1220
2600
4503
1245
3483
3050
369
6721
3455
4352
1596
1763
4495
3343
6296
5448
7102
340
2864
849
4854
3178
225
3566
6906
1661
724
1867
4363
5113
1845
4354
6471
4995
7111
3577
3617
6912
2354
1488
4123
6547
5852
458
2899
5407
477
3004
3449
2364
4091
1502
3988
6613
5029
1916
1064
6470
5440
341
1048
2838
1636
2329
2550
5546
6628
2363
4042
4802
6940
1983
187
2300
4054
1599
559
1089
3647
4856
7109
3145
303
3856
29
4242
3435
4879
2126
367
3641
4965
3279
2320
3515
1447
4009
9
1255
5436
1665
3509
5498
4697
418
5409
4313
5053
1676
3916
952
5742
679
1455
5268
1054
1299
2169
4609
6149
4936
4966
1603
671
5173
2722
4479
4616
3374
6070
6316
3064
3976
5624
5931
6482
6486
3259
2101
5399
7077
2229
2358
2285
1692
5438
4140
4594
1090
5890
4993
1980
889
6734
6620
6059
1391
5655
1642
3621
886
4428
2318
6049
6684
4149
5187
836
5880
6747
2751
4971
5174
6564
6549
3492
5330
977
4163
3161
346
6801
2617
6501
1640
5333
1635
3132
6364
3634
2506
1953
2410
5093
4768
6586
4369
6045
1498
3537
4670
1861
5754
6687
4790
3962
1987
6152
2635
4299
3314
5645
2430
2175
2242
1548
2865
5590
5935
4754
6770
2907
4206
2507
5822
2117
804
127
5684
6641
4552
6828
279
5382
5378
3470
6979
3521
1122
6894
2218
5703
900
4849
2859
3575
6873
1794
6695
6774
1113
1537
6283
1778
1895
5479
3947
2505
4574
2203
6078
672
447
6377
2367
3717
5342
4083
1956
881
254
3870
588
5414
6623
3857
3436
5806
4193
5248
6110
3472
4933
65
2530
267
6101
1702
5571
5532
799
1209
2622
6815
2472
36
6055
2214
4795
5256
2143
3135
6827
3574
2942
4619
3045
3506
1986
2944
2341
4298
2241
1746
6920
1049
584
1453
3517
4530
6391
5154
1247
6477
4998
4637
3512
7049
6270
5733
2855
1846
5346
4562
5817
1999
5079
1345
5254
2226
2330
1285
3769
925
2834
3898
1663
4128
2154
6617
2200
2106
3082
2431
4928
3016
2798
5325
557
2199
940
5936
1044
5870
5916
1160
6298
1717
1383
4863
795
5677
4132
2388
2878
6548
4359
3732
5857
5773
1870
3501
4731
4266
6861
4940
2465
2227
1777
6437
3676
4771
1218
6137
6141
4798
6816
1809
3202
3293
604
2646
5404
1466
3662
114
6799
3480
4700
2427
613
1417
3526
4605
4924
430
5194
624
7045
5529
3288
7094
5800
3123
5396
4487
4220
5165
2813
2592
4477
6447
2325
4284
2110
1176
2585
4589
6038
4572
3800
5686
3459
2288
6196
6951
1634
2903
4725
4595
4781
1947
792
5543
1509
4008
4906
630
2366
2057
6575
3468
3346
2495
4081
987
1432
6231
5714
1550
5499
5555
2091
1526
5121
5198
6655
818
2980
642
3821
2732
3890
3101
2347
2357
3797
2518
6245
6831
1106
3199
5488
3134
4569
4200
746
4289
1105
1310
945
1077
3830
6334
3741
5
1681
2940
2566
2880
2224
3466
3987
6615
3708
1574
2925
2420
3892
1944
1962
1194
3272
4087
7093
6676
1227
1731
2557
5518
1885
4975
6121
3138
1587
1759
43
2024
5568
1820
2770
5794
3386
6762
1575
4466
1804
1949
2217
2213
2551
4400
3958
2248
6529
2000
4565
7013
2475
2715
6405
4070
583
5392
3439
4664
6307
3352
77
6366
864
1989
6406
2403
720
3200
5365
6188
1128
6639
4660
6308
2574
5830
6868
3847
4845
6667
403
2448
1773
3214
693
1396
4710
3215
3003
5491
1547
741
345
4034
651
288
7098
4734
2302
6173
3179
4593
5766
4482
1039
7083
4480
2541
2038
571
1127
3814
1738
2943
936
2521
2904
5770
490
6658
6846
3360
689
5629
1658
5639
3979
1848
144
6020
6711
1714
5500
3110
3014
3759
101
6882
1026
4150
4737
5875
141
2763
857
4109
4918
3193
1485
4441
6905
6268
1221
4984
2116
1287
4478
3471
3600
2212
1680
2800
5393
798
1687
4196
5589
1871
227
4747
6911
3268
2146
575
352
626
6592
5269
14
4954
6866
226
1355
2634
6125
2450
6063
606
6426
1124
1116
670
1126
1464
190
7060
6883
1125
3241
1181
4360
4792
3972
5260
4923
5724
3488
2570
5893
256
1896
982
3579
3383
2280
734
625
4489
1206
2207
95
5670
2021
4979
4341
6584
45
6789
3719
5463
6583
4093
3604
6294
1616
3659
3427
2087
2739
659
2987
5419
4440
6280
3938
6621
1811
5144
3104
4471
56
6473
3867
5074
5480
2547
6350
5159
4005
509
4604
257
4375
2102
7078
2845
6002
3382
5455
3669
323
1849
4764
3578
6281
3419
1775
6767
3783
4267
4308
5294
5030
5904
1283
1521
1241
4581
6650
156
976
223
3514
2265
5377
281
6306
1405
2752
4393
5702
5718
5315
4213
5996
159
1085
6261
729
493
946
61
3250
157
5141
4515
4470
1362
5900
515
6090
421
6823
3534
6419
2954
229
1473
6084
1630
3586
817
6839
596
3975
6490
5950
2825
6877
4598
2234
3270
7076
435
6972
6066
3587
5478
1823
4753
4783
1961
5767
6158
2415
306
6508
5172
834
6006
4278
1005
4880
5282
6109
4373
3584
810
1025
4513
5490
6830
7107
3079
5793
7065
3707
1163
2349
6305
519
2984
6043
6040
6900
4481
3743
4811
5704
3412
2310
5521
4245
5960
2494
1789
6416
3067
2822
4286
2373
3835
4944
3738
4309
3572
6354
4761
712
3118
5700
4382
5089
5281
4959
2744
4264
3089
5719
4306
1334
4422
5055
1367
5769
3642
350
3656
5011
3055
5602
5283
6715
3919
5974
539
6916
1601
3115
2139
6768
2595
2109
2323
1302
6771
6741
31
5199
6794
1117
1842
3682
6577
5731
3661
6394
5001
7035
6024
5732
5047
540
4158
1668
6385
5825
6198
7100
4024
318
6663
2764
5648
355
324
2756
6150
4950
5155
547
3776
5821
1582
2120
2599
2741
5569
4067
5094
6581
5738
5986
3201
6826
4695
6795
1033
1700
6439
6503
6758
4246
6519
3805
5460
2220
3883
1364
1911
2833
6777
778
170
638
2616
3002
3826
3755
5019
713
1513
2667
6330
888
2283
2935
1406
140
3021
4217
2804
5536
4626
6456
6047
4722
5119
4988
5384
1099
405
4240
1230
843
3328
4483
4018
6696
1001
6651
6845
2194
3796
4347
6147
5360
4421
6773
2067
2929
5808
251
2625
4586
3260
1109
6097
3194
6309
6864
2782
5065
4096
715
4453
704
1522
5206
5846
4162
2719
5244
527
5456
3316
696
1259
1493
762
3570
4429
222
1865
1154
2053
1451
2881
192
3543
4578
457
4243
390
5295
1541
3637
646
25
1969
6327
2580
6058
1032
2932
6872
5782
873
2652
4320
5169
1275
2478
5693
2151
3088
6598
469
6843
1271
3313
5196
1691
7052
1860
2055
4438
6782
1462
718
4228
331
3008
5305
5025
1174
4105
48
3640
6698
7006
542
5992
1572
1483
3959
5262
1697
4818
3596
1876
6890
3868
774
595
2423
4131
738
4344
2784
4657
1249
2027
5647
351
839
2548
6355
5441
2793
2407
3849
5920
4078
760
2313
847
1791
2412
2005
2009
2124
5024
2296
1753
6387
2260
1827
1518
700
6089
5948
869
2500
1888
955
5548
3700
6118
6991
106
3457
2436
138
3685
5824
1223
1615
5768
1178
2607
3704
5241
3869
4726
64
38
3422
1139
1525
362
2058
5443
6629
2709
1889
4730
4033
2682
5468
2660
4302
2112
6161
6834
466
5594
5128
2466
1385
5232
6543
4025
3588
4461
4667
2001
5537
4827
4862
72
420
3148
5425
3029
2936
759
5611
4022
5968
4043
4848
5355
2561
3665
3431
3147
4903
866
3160
412
2256
261
311
7031
5603
669
3410
3205
2780
2998
6429
2081
2642
958
4900
2299
5263
33
411
1082
1922
1452
5009
424
1654
2776
6331
3529
748
950
5220
1643
6265
3121
168
6267
3173
4413
91
5307
6875
6442
6856
4227
6933
291
3024
826
2544
5864
1805
5243
1653
4564
3022
5927
3109
3781
5951
6008
754
2706
2225
2684
5458
337
198
4982
941
2317
2401
266
5651
5417
3228
1666
3936
4416
6595
4463
500
5149
3342
5641
4199
4607
4902
55
959
4526
6392
4550
5970
3221
4826
4779
205
2873
7000
3921
5592
2153
514
3897
5303
721
1716
4455
3552
2670
4317
505
3939
537
1756
475
6725
1172
455
1104
766
2766
3525
4277
7074
1304
909
930
3171
2564
1301
6785
1523
7038
5820
6384
3583
5929
4485
366
70
5525
6186
2681
3563
1472
4545
501
6602
2385
631
5067
6363
2337
3421
3420
314
1568
4963
2649
3811
2725
118
3156
1470
2849
6292
1300
2188
3553
2204
2208
3030
2424
5083
3763
727
1675
1055
5966
1536
2402
4957
3777
4280
5313
3112
5309
178
1786
780
3970
1801
2893
3607
5649
183
6572
1501
2130
6462
2848
1822
5264
5946
6094
904
6606
957
1742
2050
121
1429
6288
1257
999
1819
1880
4755
2613
3768
6226
6259
2559
3524
5977
1515
1461
1520
1013
3220
1093
2092
1660
3611
703
6478
2257
2469
5544
1328
1840
4086
6652
5591
2632
1951
15
1083
5162
2858
6169
2806
1233
1671
6938
2620
2294
837
7012
6530
4294
6618
6689
4910
4857
4133
6311
2805
6842
4184
280
5275
4986
5066
6576
1703
530
3407
2141
1377
6282
2821
4212
3204
5180
5541
6257
6031
2171
3430
3767
698
4401
2392
1346
3679
4812
2344
5979
6971
5125
4011
1683
6077
549
5261
1341
4301
1920
259
4886
5223
2817
5375
3091
57
5557
4877
6562
6312
2155
4107
6870
1542
5593
4209
3084
2107
6903
4567
6197
5511
2799
2291
709
4520
1891
6372
2369
2111
1577
3859
6046
6805
2503
6522
2552
3643
4198
176
682
7029
3954
6263
4103
507
1114
4041
1487
4061
2700
6417
2615
1240
3380
6146
4821
3141
6310
307
2962
6071
4300
5371
4219
2836
1578
1573
4531
6539
4383
1606
3344
6207
2623
5023
3841
6915
683
5062
1585
1709
2486
6996
4577
3580
4089
769
1042
230
5322
5246
1511
1270
3332
4600
3831
4007
953
4366
6565
5109
5855
1968
3149
2084
2378
158
5545
6130
2298
3683
3263
1168
4172
4207
1312
4297
133
1394
4122
5277
2165
6102
3140
6481
3046
2301
4618
1401
1600
1674
5576
4318
1324
4850
1828
5962
811
3411
12
4517
2400
6034
1027
3198
1524
504
4767
5482
3229
54
1843
5687
4319
3085
6865
6178
4269
3486
1946
2183
5059
3258
2185
5519
6647
4371
567
2462
4085
5913
1023
2132
2048
2025
321
4224
3463
3535
4606
2180
1555
2365
1764
607
3696
1516
224
3099
3829
6892
300
354
1917
3978
1228
2714
6189
5775
4929
7014
5323
1329
2360
2128
1041
1998
1832
2328
1893
4960
6546
5606
3197
3740
634
5122
1224
1379
1706
4892
592
3963
1576
3593
3401
4941
2844
427
126
5352
2008
4252
4770
2772
6436
408
2284
322
1882
3872
76
3779
1586
5523
3674
5343
3018
2523
1084
1684
4486
1533
35
4582
2631
120
6029
6085
6140
6359
2691
5675
6697
535
6067
1360
5697
3408
6532
2970
3952
2540
4537
6526
6772
315
1988
3612
4282
3080
4287
4719
5462
6382
6934
5642
4610
1559
6994
2264
379
6988
2250
5679
3144
5465
4262
108
7026
6453
5681
6614
928
4258
2380
100
5387
3059
3654
2606
4476
3213
401
4073
5431
3871
3433
675
4934
6800
835
3842
3180
1924
846
2020
1549
3753
2453
1897
1482
7040
4211
236
4066
2454
3274
2098
2071
1688
6346
4290
2930
335
2181
3076
2699
2690
465
1337
3151
2683
2179
7053
7066
4045
3782
1031
4102
1952
488
2526
2463
859
3300
6682
5812
6852
150
1966
1456
6824
890
6580
1327
2043
4016
357
2103
4216
4584
2563
4733
105
1868
6180
2377
3894
1909
6051
1030
3105
985
2100
2237
2995
3942
2724
1624
5045
5274
1543
2484
309
6670
3772
5547
1137
193
3810
7110
4665
4556
923
1646
407
1878
5607
7003
5298
5840
6957
6317
4493
3450
732
3910
3056
2398
2396
4358
2382
98
2831
4587
3984
894
2959
3053
283
2041
6797
2481
2986
1284
4804
2618
1264
743
480
2712
5363
1413
3019
5787
6535
3495
2983
4407
4662
4905
706
4681
4395
2133
5726
3922
4146
483
5390
3152
4222
3026
4717
175
6
1798
6607
6625
1088
2316
3395
1644
4794
1309
365
6139
2529
5551
1251
6638
6026
1056
2499
5584
517
844
2654
2846
4947
753
4675
1807
398
1280
147
5674
4974
2581
3072
2460
1094
66
3613
5758
5867
5129
3357
3699
2934
7089
1003
2023
4932
6176
3598
3233
4518
5739
3039
6523
541
3861
5090
3172
2166
4469
6764
3907
419
1467
5310
1976
2338
2853
600
473
4758
5637
6825
7079
2963
7032
5405
4283
3286
1393
6025
6962
2228
2842
852
3469
5000
3448
6113
5676
44
142
2891
1664
506
4539
1996
5919
2861
788
899
3262
4339
2803
6812
4474
319
3129
4293
5344
6253
1253
4144
851
2990
6943
4585
5216
4316
767
474
5856
4462
6840
4524
5625
4629
4426
3025
4705
2795
1595
971
6069
1153
5725
5959
2973
594
444
2583
2823
4964
3447
5810
4170
5515
3751
317
6329
2704
3418
6630
922
5712
5395
6325
4090
605
6333
80
6967
3760
5971
1149
235
7044
2964
3359
1326
4404
1914
4729
2916
2353
5869
5186
4340
2975
368
1732
4335
5554
6963
5197
1907
5761
4502
3900
208
6807
1279
3070
4048
2614
1141
1091
3536
2345
1130
391
6739
3164
1103
2762
4059
3626
6225
1409
3630
2167
4049
6345
2810
5844
6452
6961
2742
5341
6167
3069
1402
3522
2483
1408
4423
4796
6172
2687
7018
1708
478
449
6686
1850
4642
3181
6939
3
3858
1437
3417
4076
6399
1834
6204
6854
3694
3648
4051
6998
2841
2333
3296
228
1076
2867
3405
1350
6924
348
4304
1384
90
2657
6044
6935
5925
5517
1256
3610
667
3326
5426
6252
2125
5316
5124
4065
6411
4680
970
3238
2961
5720
1785
3212
5054
4257
578
6930
6664
5980
1424
356
4861
5815
1698
6404
4561
3392
4349
4773
4152
4935
6899
6985
5385
3817
5454
5975
3464
3416
2221
566
3078
4820
2568
4449
5185
6604
6591
2435
2034
993
2334
5372
5614
6323
3087
1715
636
4141
1217
4135
6986
5892
4459
1465
1019
4494
3345
1970
4843
1062
4724
4292
5912
4079
3308
3327
5878
4819
4285
1625
6449
3903
785
1679
4129
5755
2549
6448
2818
3188
7064
927
802
5753
3839
47
3518
6909
1768
513
4114
737
6213
5790
247
3182
3474
806
3242
188
231
1982
4977
2352
1239
6428
1268
1079
63
3663
6792
2389
5586
1144
621
3284
740
5849
6199
876
6631
3812
593
2119
5327
1143
1213
6733
1494
3711
1735
4260
5506
1071
1087
1155
6260
4498
4774
3680
2451
4321
6700
6004
69
5354
2994
4727
4187
794
983
6954
520
3932
2604
5626
5239
5510
4991
2768
2077
4787
1136
1323
2267
278
4688
603
5588
5958
6135
1184
467
2692
5203
400
1370
6132
6177
6476
6228
53
4583
2755
5839
815
3568
6717
3165
1538
1915
6073
1318
1015
5036
3778
5689
5898
1020
6993
2796
635
2696
3721
6455
6656
3211
1110
4617
218
695
598
4343
0
167
2659
1566
5695
6521
1303
2908
1388
3400
4218
4353
5255
6753
5252
990
3494
4173
2163
789
2976
7070
5048
555
3017
5558
5729
612
6209
1659
5508
4183
4056
4414
148
745
3240
2383
5088
716
252
2767
117
5845
149
2545
615
5783
1315
5914
2249
2452
3409
4288
5610
1652
1290
5582
78
4003
558
4788
6388
3192
3550
7024
2705
3484
2708
2247
416
268
719
966
6849
5361
5672
3376
1718
877
6708
1874
1200
6446
870
2303
4004
5376
6556
4810
2781
1238
7039
975
6965
5891
3664
3371
5807
4980
4625
4412
5391
6610
887
3899
4748
242
2726
1340
96
1726
5813
3684
4654
5337
4333
1373
6408
6567
1890
6420
7057
143
4050
3124
6573
3031
3615
7073
1806
4336
4522
1796
5901
499
370
3440
882
1638
6159
1902
3071
2236
1333
2434
1225
3590
5579
1662
1431
3948
2587
1696
2150
5792
5903
3635
6037
2870
2543
6319
2605
7030
6030
3251
4186
2122
5493
731
4985
378
739
2080
4927
2727
6054
2761
2114
1673
136
2457
5730
3429
5798
1489
4169
7015
4674
3562
485
4031
3348
5068
6679
5334
775
4419
3320
4745
2965
5969
6397
3167
6053
454
1507
3930
3726
2056
5189
6324
375
1626
5270
4060
2381
2786
2958
3426
898
3052
5771
6518
4268
4994
6927
4444
6343
5632
3013
4573
246
4464
561
5850
662
6819
3834
3658
5035
7080
4596
2470
4002
6665
6648
2593
1165
6360
4691
2918
2404
761
874
6220
4757
5834
525
1070
5811
5954
6297
2035
4303
1092
1138
3325
3908
5328
5445
3840
1620
115
6775
4295
6558
4839
2572
981
4053
5130
5501
502
2438
2394
6857
1074
3074
7099
2370
3222
2013
1294
1648
2287
6376
5272
2390
6793
4628
5222
5072
2807
710
4968
2603
3120
1407
4139
5447
6430
823
4204
3677
6115
2274
6505
1351
6353
6818
6605
4020
4166
2473
6001
3606
171
708
5938
1248
1164
3454
1067
2850
2956
5171
3375
5667
5394
2608
3733
46
1463
1887
1381
6117
6390
1395
2669
2309
186
2542
6010
1830
2919
4876
3854
5123
919
4997
1593
921
2215
5474
3035
5570
6601
824
1619
2205
4883
5249
6499
6431
4878
1051
4613
7101
237
4265
3850
3266
6301
6867
3125
5290
3467
6716
1774
5910
3442
75
6170
3992
199
2988
3877
5442
1506
1797
6479
6891
2513
4836
6381
4967
6287
128
5345
3686
6710
3157
6969
7095
3253
619
1931
4256
6726
3756
3451
2493
3788
602
4946
6171
6848
2723
320
5444
6086
4920
4709
1203
2049
42
5140
2627
4521
6087
1720
528
3333
1151
5060
4143
1710
461
4842
2989
5452
2093
6341
2082
574
2773
3166
6964
3210
3957
7047
4535
4104
4118
5084
2072
6703
735
4147
67
725
4668
2797
1202
5364
1316
6837
4548
2162
2638
4978
6208
2933
658
5735
4117
404
6745
666
5930
6313
749
5627
4931
2413
4534
4746
4649
5926
2273
3608
3881
4895
5120
6314
4434
5320
3603
650
1198
2262
4557
487
5955
3285
4497
1108
6966
4874
1948
777
3627
5439
6276
5259
6660
4396
5802
3415
4525
4134
2736
7051
6599
2923
1736
5006
1540
5622
4738
3043
3918
1499
3744
2955
4972
3513
6973
1028
1186
5217
4540
3036
3633
4846
3982
1148
5413
4237
5503
5772
1761
6191
396
3477
5110
3843
6351
5056
4467
5952
2748
6810
1011
3373
1314
5335
5265
1757
5434
5560
5851
6216
4311
4831
495
5012
4443
1254
699
1288
5831
3824
1216
6760
1236
5713
544
3414
949
4113
1539
1191
4570
1357
4951
446
5070
1348
1826
1457
3511
1242
6409
3770
6079
5285
3169
3848
3370
2449
554
3041
4896
3475
482
4142
2828
2419
2775
3844
30
6096
7008
6492
1933
4588
4828
4769
4159
2186
2121
4942
3189
463
6131
7113
5476
5061
166
2356
5107
3865
3827
4126
1132
110
1527
3185
5574
5092
5957
4062
4908
3625
673
4064
7097
2060
2584
4182
1825
3672
3075
2327
3785
2088
2655
5978
1739
1418
3689
6033
6056
3636
4496
5258
2890
2909
6129
3819
6646
94
5874
123
587
6803
5040
1199
3592
3244
234
4962
973
4116
5613
3775
1694
414
2504
3882
1853
4491
7011
1918
273
3729
4047
2738
6786
5146
6537
3095
1803
768
6422
6275
1569
6913
568
858
5997
6987
1392
5329
781
2610
2037
1993
4601
4130
7046
2534
5046
641
5134
3083
2210
6156
4672
2979
1305
6555
4890
68
4010
6469
5082
5921
6293
1551
3651
1047
1899
4825
6817
5224
84
2972
1788
3761
32
4870
4766
7108
906
956
1711
6005
1347
22
4177
6590
3280
1267
7096
6432
4728
6262
6798
3027
5049
7036
297
5636
250
3527
5033
6742
988
374
1991
3914
6578
3006
6495
3697
6233
6134
4696
5915
2089
6953
3130
6375
5058
3438
3066
3725
5250
2115
4990
3799
6560
1063
5744
1613
426
2737
6945
289
2921
1073
5691
3005
3097
3377
3009
1297
5157
4452
5905
6498
6088
2066
4458
4435
6272
4847
93
1992
6897
5078
3864
5552
4721
1734
6374
6143
1477
998
1146
4646
1175
4197
951
6371
2666
4563
41
2950
6450
819
5016
1873
361
4894
6244
4949
1004
113
1358
5572
6440
6678
6694
2877
5142
253
3297
6093
1712
3051
1336
6677
2148
4100
3341
5234
5797
6410
4361
330
4509
2589
6550
4376
1981
425
2152
6003
3446
1262
4409
5762
3330
5598
5495
1475
3875
5494
184
71
763
1837
4632
7042
5242
5953
690
19
4712
6685
5168
5597
1066
2971
6200
6952
6035
4736
2641
4742
2931
4648
7016
4465
5356
3047
6398
4125
2791
6736
6926
5108
538
829
1484
4580
7001
1292
2189
757
2201
139
5027
5353
4127
1372
6098
764
310
197
3539
6570
1514
4679
2887
516
6285
1695
2674
4976
5347
832
3389
1503
1423
262
5487
4527
2223
2268
73
6970
7085
7002
4715
6402
1929
3133
5349
3624
1699
4190
1449
2535
2729
5096
5464
6133
4813
1632
5683
6427
1187
4097
7037
1884
2012
4055
389
1977
2044
5884
1365
2790
3335
2912
914
2003
1838
1276
3996
5710
4174
5101
5369
6690
6445
6531
4750
2860
4175
5745
3224
2206
2017
181
6781
5403
1471
5924
5963
436
4424
6007
104
980
3998
1100
4115
531
4456
1985
4937
4460
6119
2374
1012
5340
793
1571
3195
1342
1704
2556
6184
3100
2754
1629
4838
5132
2811
5786
6582
926
2279
2703
4659
1725
6181
2957
3413
4867
1562
1222
1179
6187
2512
6475
4505
2885
3701
1941
4205
6103
6202
5814
3940
913
6759
4760
4568
1913
551
4506
5127
4633
87
5666
2170
5902
5195
5967
678
4756
4099
3688
3983
3507
285
6901
3184
2628
3585
4671
4068
2619
2597
661
3747
5743
17
4202
344
5118
5524
1766
4415
1839
6457
2160
2854
1096
1581
2184
13
1942
1649
6290
74
652
274
6423
284
3889
6258
5583
4992
6214
6975
5137
5420
5777
1903
4312
5193
5853
4036
3092
6609
4930
3162
1443
6105
1061
1528
1353
5126
6106
4805
865
4092
6091
1612
2129
3170
744
5291
1237
2651
4835
3928
1813
4776
3154
3668
2820
2939
2137
5671
5854
4816
6443
6944
2588
4858
5475
4432
1608
784
5213
1162
1016
2134
5257
4955
6643
3927
4529
6274
6881
6983
6246
1325
3638
6238
6744
1034
3432
4108
2966
7025
18
3565
4961
4614
3493
1435
3879
2076
6517
5071
5357
249
1166
24
6538
577
6738
1118
560
4543
2019
2315
5115
5237
3396
4273
2022
5102
5207
5028
3163
6569
2601
1
220
4203
3933
1080
1343
4362
3818
1157
2029
5945
3437
5163
437
4621
4389
1862
1086
1111
4110
5620
2531
2039
3559
6108
1892
2346
85
3748
1215
4749
1378
5989
1799
2498
6699
2905
3953
6654
373
2306
6922
1790
4622
3465
1611
6413
6528
3967
3499
4381
4071
2510
3307
5166
6193
5918
6369
545
5595
6062
3358
6571
255
2275
2688
5098
2479
5103
6731
3836
4445
6229
1651
3257
7081
5942
5167
3734
5245
3666
5539
5659
5563
10
668
2633
2136
119
3766
6557
3248
3950
4566
6017
5599
402
5473
153
7022
6183
6165
6895
4161
5682
5512
3249
359
2235
298
4872
4281
4707
2757
5922
1261
979
4324
3771
4523
6144
6279
194
5293
4057
3276
6362
1975
2996
383
2445
11
2480
3581
1960
3302
1446
1655
4253
2968
4231
1623
3273
3557
1490
2312
6851
6936
6027
776
4592
637
2901
5575
1693
2406
2393
782
2016
6833
5042
6480
4536
5175
308
2730
3639
4094
2426
1450
6241
5941
5578
1403
5177
1226
3873
5600
4180
5764
4809
270
468
1445
5868
7041
3620
4830
3523
4157
6497
3497
3926
177
358
1816
6400
3924
244
3728
3434
4106
5633
4044
3404
5423
498
4120
5401
5540
563
3547
3461
2118
714
2868
1781
6154
2645
5182
5190
5214
4390
7043
5665
6724
2718
2433
2740
2086
736
3891
5678
1560
3252
875
7086
4364
5156
6778
5461
3131
816
3973
2897
6247
3646
6075
1053
5972
1900
6487
4996
4084
961
464
5051
3159
2522
4808
543
1567
4384
4348
5136
4427
2030
5116
523
565
702
730
173
4922
1769
4706
6755
2991
5276
3143
3081
5550
371
2978
3282
770
5722
1460
6919
5711
645
470
4925
4322
6461
2319
6594
1480
5740
1750
974
2514
3671
1322
5422
5398
5034
339
2018
3428
6151
2190
3473
6992
1252
5514
3176
