1137280
2913107
7379858
5740504
7298518
3541118
486239
1512831
5694618
349906
632787
5351503
3267329
5740675
2911019
2655953
3767659
3546469
5379240
2126950
824465
6142577
2858404
6908417
2207341
616846
835093
3889320
5395107
338608
441719
2885599
2925574
4475521
2075115
6881328
7043008
2365081
4136203
6397199
5117912
3915617
5592535
2122721
7290667
6545519
5435563
2184515
1446836
4938625
2398548
5138182
4093427
2189532
5952169
1941724
952584
4754966
1235771
3483996
2060711
3390234
886075
646638
4462910
6726722
6738637
4439564
3219881
5435286
4462043
4111684
1581481
3543753
6976199
1331564
6043392
3650512
6995505
1119178
4521657
1961684
3099034
1231753
4565340
3195927
3469781
7095629
1034729
2919513
3113327
1477045
7021394
6042723
4496439
7390184
2561031
4916467
4640932
249905
