6972706
6624598
5230687
2819977
5788344
6893220
2227135
3103449
2210316
3772346
5862441
5978793
6882372
1069063
5604822
122711
7140038
6229496
6998813
1674500
6382885
5766980
5066068
4691753
557368
6345682
6422074
2991503
5585112
6074656
2345434
2977158
3046753
3118817
6738356
6973843
7098326
1297681
2668980
5386937
7099484
5278550
564579
2725160
153214
3675998
1460837
5418130
6305882
5679
6236970
4877249
5316619
5164977
7338133
491798
2000515
5644514
1685071
1339207
6244261
5037236
3913685
7077741
7041217
4763013
1620655
337538
3546226
746698
6791599
3712682
2523192
516630
4486110
3030832
3131013
286906
3510033
931612
3157378
4386598
1291100
3306916
4724016
6062845
671372
4597812
5320406
378724
3279799
5279545
877318
25885
6314428
949291
5479584
2061767
5557695
4137853
4332639
3088862
5171875
377077
3671519
132066
5673669
2564375
2497173
7046695
4204053
2524516
3038111
4879985
7377503
6142329
4779126
7360673
1213346
4358228
2648566
2209907
2785184
5629472
6827977
5602313
3326901
1251629
2678869
1258213
374311
6920453
6735025
1726079
3069717
6137359
4744230
5296594
1094356
2894789
1031517
3602359
2807341
4352682
7036479
2428885
1324977
2720518
4259819
2473530
212871
3282535
1971496
5785342
2600050
192637
2430996
5798090
1885548
1235378
5567650
3832714
1506093
6611985
2760999
3645427
1910080
869808
5649567
1012170
5464841
287107
6740969
3901300
5557176
5355090
6758336
1447767
2363766
2789106
4041712
2444752
3604359
6759702
3619134
873374
3459717
593208
6938475
3140896
174210
1420232
7038030
5795171
9828
4756069
2239294
3763349
2981640
3376836
424100
3698355
321586
620526
1843504
3821212
6289389
5157596
420335
4272639
5376282
3546460
2583096
6620995
537941
2430018
1020366
989028
917647
5886859
2333314
5886695
414732
6239417
3029122
2160418
4451650
854083
1223175
6862078
3573329
2266405
3305854
6630169
2493553
2371712
1843154
5403090
2884059
4028852
6301486
3712582
812076
5376434
3222356
6897761
5844138
1679666
1319279
5923964
185495
2744585
1590302
442008
2710531
5018910
4583693
5805376
532253
1787847
4738327
6146974
5998834
4699317
3235988
4510400
3141974
3190722
1134868
1496565
1066297
1289166
3331359
3804584
1241862
4650740
696929
3840789
3625837
6578573
397843
649681
1351447
1555551
2700344
2009009
5047054
1610320
2293410
2357671
3555479
6639260
731766
7164643
3091616
4195303
6558136
387948
4404227
345742
3406107
49913
703375
2904382
1017138
4417774
1805572
4667966
3336368
7378944
2192529
167746
885121
2901471
38082
7407224
4015567
5252536
876790
2448998
5662884
3119403
3374533
1482589
4630317
3422063
430146
5227392
6209316
5232415
4222076
1271859
2984522
6133757
1011735
1164813
6906470
4153949
1525008
905289
4731804
1032399
3227340
3769604
1650807
585845
1840645
6261044
3641435
6183906
4445155
285423
6898272
2902677
250803
4669126
6817520
434176
5410709
3227516
4460144
7129657
739164
420561
3119821
1743381
876363
1546648
1974608
4029704
3443156
2159276
800503
2224785
3234606
3893006
5126065
6118435
5420798
3236399
4611789
2433515
674644
3240878
1368403
1100805
6480553
1741514
2712891
5961272
6129222
1340814
6675500
5569857
5676058
2167543
6291972
2695317
6600288
5426854
6773881
942926
876263
1901737
1886068
180757
6883607
4244362
1227018
5403691
5589978
1309692
5138151
3010164
6362505
7064128
4452628
5796680
1667028
7371365
5947227
2701865
731053
1961279
6678685
4899534
2097219
5416346
6361709
4608719
6216376
41049
1260405
436912
1906951
3532078
6991445
942529
4516780
5709468
3880011
4698073
5309360
2381647
1298333
2201712
4156855
6336159
982592
6355136
6414112
3922891
7269722
5471467
145404
3056356
3488124
4032503
3708611
5644603
5620004
1270986
6578513
2882024
205614
3705024
1663613
1429419
6581038
5284369
446130
1211369
5244178
2993065
3295753
6872579
3034107
5400775
557254
5060753
4047009
3754372
2652319
1022779
6703346
4131889
4317153
3154165
5952757
3946625
1983425
3740530
3374901
1480595
3988376
6625991
41168
350021
4652830
5780998
6683852
5008601
1990132
400599
7117377
5830778
4241446
6259265
1020793
2851792
4902449
5438400
3573789
2558786
2400030
7240010
620358
5224392
1033805
4007363
1404568
6831265
2248801
5896871
2681628
6476981
2470940
6273777
1944936
221346
7387302
5472216
6834281
4763311
912019
7278747
2709058
4575410
404997
3650221
3822580
7066090
5424294
1131526
1113420
3199588
3168314
2424463
6935394
651081
5242098
6903012
7012695
3181938
2069439
6888535
1267239
3998686
5819125
1456179
2673391
4640721
2066439
2412898
6265891
3767556
5973338
3259119
550303
842791
3701478
2399210
3597018
1913649
1141083
5854389
821184
3507547
393012
3412219
142378
3016830
3894544
3248722
259425
1531955
3985024
5107969
4941915
129834
2089372
3335928
5822245
3330874
66499
5945465
6969848
2068830
3725180
582966
365654
4424712
563174
5283926
1627826
4787962
6836409
6026219
3689797
1885282
114685
1437251
6663453
1175334
4410112
5868466
3511399
6257665
7391056
4103171
1374926
4485866
3746521
1245423
2723532
7393234
1663508
1539966
4648925
1277532
5938259
4985254
5808747
1443787
2404819
7037346
2489854
5298087
7100457
4781452
1919058
3591116
450352
413791
1608385
5695671
3770125
3141341
554326
7312249
1714399
6478
6254364
6473730
2321443
5131417
3270834
3163844
7253331
4529845
2863560
4697787
951134
5383651
7078208
5196983
7319107
5738279
5048843
2824587
1031357
5596538
671971
7303440
4755688
2308800
4459158
131032
4276483
2979592
2761617
4664439
418582
6702658
3693770
2208380
7321519
5833535
1560361
4045651
1211303
4395200
7206831
6704801
2377526
6130543
6797346
3071325
5747721
2229688
1234324
4112197
2166691
2890552
5213046
801131
3410890
3853658
1259568
5220205
5087619
6043945
6994378
2772388
1407267
900652
4796613
243898
2944168
4060149
2945455
702778
1183800
809584
6870005
1001094
2373918
617225
3637860
2247460
4952974
1133990
2204705
3629528
5586412
5158428
5916731
135881
1607026
1840852
3342292
3775801
3789434
6701415
7316935
2273258
1051076
2017278
3239591
2257667
4786722
6607711
1226144
6649359
7444
2745565
2349842
6903591
6033091
4915369
3310860
5932806
5318025
2020956
1792770
1518223
4981072
5489686
5715593
4822638
320149
6920280
3649487
2201007
3370570
4752924
5861505
241532
5231805
4159349
6111010
2666073
4904982
6534476
2205495
3683604
5442633
3179283
4562016
4587855
1649047
1735271
274572
3558372
2665507
5640652
7135175
4485850
7076458
2102279
5798742
513066
5220217
2035239
1624363
5936820
980969
6632255
2247493
6119477
2606139
3320820
4213953
1971545
4642528
3535166
5669632
1440533
6136010
4527045
5100469
3148808
6122436
5148127
1755721
6093720
7061716
7251485
5555341
5750333
4851133
1005264
1128875
6235402
1102934
5155498
2119194
6946987
926482
6964270
2730495
815395
5618348
714094
7238569
7224641
733640
1540409
4853965
2221573
1906452
859775
7136013
7371736
5418334
1440015
3722466
2886786
2393957
1278832
922603
2202238
7273923
1347559
5340482
1221276
6047140
4941198
3674374
7301857
5016913
3272431
2648076
2567246
6279058
771519
2854360
5234307
5314537
4096517
1871519
3519222
2979026
3203615
584916
2473060
4301110
434258
2793313
2778014
2555166
4396579
5519524
3981908
1296112
1945791
2628737
3743075
5047814
3228685
6868481
5732388
718308
5950013
2207981
3778363
4290197
4910052
3017585
6727623
6548209
2177593
7235213
922841
2280289
140057
5366539
3042715
450366
157995
3568529
5799968
5369941
3942839
5097122
3415316
4749539
5064901
5340703
7165271
4602519
1041651
42317
1283350
3147961
4089380
1896398
7408129
5583802
3230633
3781400
4131625
2270496
3649680
5032034
4140642
1591698
1032837
559285
3195876
1662055
840303
1670579
1437285
6071666
5386299
467974
2191734
4137516
3470713
5457515
4239368
2421764
2611533
952360
3134301
6191497
6811043
7296848
1620024
3482894
5274762
6075253
1431333
5204997
5983224
1165628
321385
7388104
51592
3725849
539303
1748257
5391322
4610151
6968515
4228181
1531866
4519422
6418354
1363371
6114560
1101656
6347289
140624
2851597
1277733
1417135
5789634
6322380
