34645055
25572991
98793
15060313
21778024
23211325
40748767
29477182
27056853
2693790
36430547
33849706
21999787
32651820
9083138
38939014
32810695
26956245
6922689
34408761
22719057
12667136
7602709
19923776
36228909
3514463
4299319
26384158
11850449
34164927
24067948
13107685
25838193
38363292
1010859
15645462
21462143
712934
15878673
18543459
20141717
38248161
15561190
16604623
18664209
23895854
35344189
3203036
29811100
6800622
157905
9234784
1606743
25791333
16797209
29737569
41362504
29921759
37318213
1461808
8490993
27678812
35433452
4230078
9404359
4371128
14233015
6089211
40991521
22435711
1684899
4760933
15402102
12236780
11294215
5582761
18586331
3209223
23267284
31731551
25369319
12868430
6950942
4934343
27986804
1995113
36128291
22104672
8564510
16314989
14427608
35101523
18627596
27157025
41649300
29309036
32509844
1914944
26629726
20286101
