24113441
13356546
3429555
26475222
32459149
19584454
44719
38399716
8103947
15853285
31272588
9313451
10231051
7008654
22768872
26416378
13043261
8730913
3969278
36672222
17824962
1496784
16522505
7300271
26339220
16359374
16427273
33633652
28414018
32604800
36671966
24122920
28374842
9606862
14903233
31733701
9774750
31980817
39637853
173844
35037120
20405029
8433841
10759348
8654751
35075922
23490295
27826711
1347286
9019035
4588489
13153842
19602367
31396550
33247922
33409136
34753016
30792444
20362881
39350203
27034228
16628999
10089821
36932689
28059832
39434443
1586643
32328384
5942284
30335435
23632424
2003712
16084182
9689489
40536258
20988310
29094260
10951798
11274078
41375756
8351737
6136048
2893881
35583541
7685068
31672166
27844393
13816583
25587952
7416935
33344759
13620970
30529273
39279437
41362976
3304211
38391993
21547697
13930647
29129496
18402939
40958900
2961144
16295390
8766176
14675130
37161504
13339401
35204042
13406950
4493746
13143719
40830842
19871501
3406563
4977077
5458649
33912228
39311833
8081452
4383721
19379604
4485773
38349381
9382623
28596898
33794954
36602292
26697893
24784352
13427587
5619202
25767704
22608207
12618552
40426082
2297670
20955841
17472388
20091363
35784693
20408358
27342572
31051500
34662334
28105250
21456371
32958201
20478897
24906637
393582
9735719
12810277
478774
1820264
7548914
17498657
14111337
26038928
31232058
16436893
34888098
15364524
28276571
33415783
32748539
26973548
5553931
26374451
31811594
9842159
2251630
8294919
31760831
6451112
6872488
31236084
1192989
34198373
24986742
36142990
386332
18700209
41109670
7289308
10032755
40320154
3873599
4310200
33953802
31534976
32564549
29388846
41290249
13932083
17107688
32048910
973895
30166528
6058589
21785042
29124556
12444448
20784698
41526315
32861094
16710026
1681714
6490736
11668336
22586147
7892981
26009827
25638654
2143425
30732799
33885725
5629258
9769356
31361976
29221514
30478235
31745655
45341
15406312
9682429
33351324
796365
24778088
20022334
23021346
22662361
6382270
23711358
33779940
38113308
15211807
35604674
21130000
40414300
21131410
13942973
28872048
32207804
31526993
6858300
29208020
10021214
14736592
16192068
24449415
6784106
38736679
4554134
16532899
5032297
19432327
24988030
7488336
37832225
18578506
25816623
18398222
34874998
18463130
29992032
30536965
4704590
35502880
32446423
116514
4436918
19136603
10279477
6720046
21155069
28731901
24452935
35598824
9013901
16477742
14421961
37046256
29744502
18102513
27869234
37136214
22530659
39242518
29494659
35686878
7826616
28532223
35550194
30706898
14367348
33505390
31655924
7258912
5751176
28922637
35343445
514961
3847235
19612101
3045934
27928633
4151340
31860927
33103710
8959257
11729475
30220020
6714779
26761899
12783410
31616119
11402565
6029256
33493531
34274878
724802
1452532
37449448
39760235
31652398
35303678
32331081
12993794
31169749
22570883
33847629
17732322
28549155
18188777
2831416
6180255
5760674
36235541
29229342
16486458
19832257
26641
16400746
37316813
13189085
30161814
28752015
8457416
16038086
112685
13734653
21417686
28078052
11550739
18108056
2900662
20134682
3461125
36616789
35498332
5527949
21164949
230126
26876131
38405033
35802238
22668134
8320553
11994609
25635344
17217076
13518514
17994863
19092415
30529044
33100501
2812455
12124996
5986230
1753080
34432764
30770930
17693564
40954836
33482910
22142883
36450738
8344058
16676484
22735410
16139467
502467
10459944
30021643
9594490
35782003
37526485
33873867
20182643
27275674
36648980
23617595
19421785
23088332
5514977
3828100
8720310
27771000
28780390
11896509
30273288
27829112
20203532
9212531
32255708
14045365
27851495
12645472
21902408
17189275
10685971
31893446
30543746
10802238
4494060
35019013
56015
163957
34254607
21588832
14716283
50099
36723802
19355146
498798
8589721
28196863
15535274
24012703
37764862
35448940
19916437
33827052
35382398
8325606
17715586
3620450
8949562
9081878
37842027
5302066
10370894
16336071
14821126
12341563
37646302
20133274
22407454
19416609
17988646
32116645
4655673
20881058
7177647
12296187
7756192
37185075
12945281
34069222
18045920
1525018
8621266
21910319
35264293
10143404
33036570
22913793
3016886
24611681
32959776
14999447
17018147
5557144
34539262
23018085
10058889
10213834
7407342
20796175
23822033
11142330
21316256
16848442
4308929
15623
17534967
10184010
7973062
24381558
4010117
6703444
8244229
28874598
13584081
10764362
3345961
34903896
29643742
21788350
12390432
6962747
32693509
34871500
26837770
27337159
22067704
21646434
16621712
12094723
25632739
22291270
12547773
13887617
31378937
27650998
14943444
28530208
6170545
30771661
33662860
17159815
13867273
3367302
30499143
3638110
15320220
20747082
14636112
29044628
28454286
15249421
33606525
30014702
612636
23675328
11622028
11358223
25125367
27989407
12702491
27888252
34188578
11599103
32290413
32219700
22934947
12971309
36809081
27661436
14166406
29109409
27673905
4410663
32080675
36044932
18542659
16706385
18562291
28336357
33975456
12022754
18215335
33412524
15174406
29529875
27846328
33227102
29497407
13877155
21612532
5938465
16146961
31727170
1853271
19535977
34044434
34349066
33904131
18578108
13132774
32565816
31473469
34968783
7892290
1788374
327845
25318159
15946356
2171564
13027757
12901190
5216613
9307299
27717263
26733555
24719929
16602429
18509084
27232823
6243619
29172016
39344679
32403736
2514248
37018272
13237781
34827594
11811576
16310669
34242633
2474606
1447523
17508248
31124783
22272308
18638841
36207352
621687
29262878
5254091
31189768
18644779
28682744
18150586
14944277
34486928
21783100
22412695
507457
13516346
13643439
13742276
17538302
34670120
31676019
5149553
1642750
27305536
36137972
35784117
29189209
17757421
20689265
8719678
20210278
33894156
40501665
10965600
27018655
5169105
6610653
1594503
1547496
15555730
5527570
27970527
28700006
6148833
13321308
38027528
2363143
19103982
15781834
19260352
39162138
24900495
22535477
28306892
2983790
23971545
7288666
13014815
2821260
4602908
19854068
4686047
36407067
25830938
23618127
37646107
36556197
34000409
25872260
27806511
31004158
12172746
10835658
37369178
32831818
1165209
41444475
16366017
14554711
31273534
15430052
1823391
14809510
16360611
6953988
11439448
22504106
16948074
16591169
6160627
18497624
10330593
11031405
36894370
24137874
602390
29020733
31409478
25610207
10537834
17673946
4524173
12796088
25164453
27546141
2489528
10072227
10592786
3607222
15838391
13474293
8213677
9890951
1630404
34585793
12774545
27740069
37038750
27874126
31635104
18983257
29437199
35807518
27276618
21522613
36923412
24817890
31640869
405588
13236158
10244529
31463115
36256267
20669886
5110569
30894779
38434520
24294510
35019070
13050799
8572765
21461388
474494
15970429
33961923
4077283
30157463
24695039
20779391
16407740
38037273
10896824
8886188
8036029
6572091
2144461
19812129
34352961
26531169
35961527
28539644
25989303
24851815
31397030
7101375
18377832
18496704
15381656
33127669
2249293
20125680
24243145
23910123
23265953
20798174
34787109
33257788
2677123
3402199
17680737
17634038
17016628
8948834
5258953
16993293
17504954
19331263
23090082
9968165
27958782
22441553
9513881
8970689
13132572
18895282
35885207
32659134
1179210
8430374
15239425
4318132
37248356
8840042
40880337
6332025
17415365
19368636
12542175
19871561
31959324
8206861
12651634
12818364
22729877
12877277
18981223
29336691
21831402
24700134
34689820
18331384
13368990
5125355
23173333
11378058
63834
17909084
26490845
28940432
18931168
28438769
2663264
40436495
27838190
40884854
18191816
853819
7231102
15840373
1630331
18861008
31970738
28266678
5603400
16106853
25380428
7339684
28372705
4062849
12996526
8337610
2129544
3138040
17393348
9774586
35183559
1594446
36948933
11679541
11382740
9161224
28782528
18957776
12748055
15862704
11465032
11452845
17090635
1928266
4271799
9489576
31874107
5950104
36713574
25587042
36516549
36665050
4783858
27115435
5164907
36938216
19403167
11815885
14472651
4177182
25662609
2985509
109377
25401251
5033292
24415510
28780456
5306523
1754883
33829119
227819
34950835
30585501
38446116
25121586
30758883
37912652
2403051
9657734
3703172
15354268
27330945
33114547
15282072
31256472
19725829
27370743
2439623
11898476
8190433
36237943
5638127
29775351
7253775
32709310
23899292
13437623
35493954
4861723
25155743
11332203
3271373
27452122
19983232
30806941
33871101
16779236
4950406
3872727
2783499
4820365
10213983
13708170
19279635
30566746
26393787
19249074
31582318
29034632
34741630
26191579
41453185
24378016
28782746
38117988
8294658
20890793
35451224
13296681
19848188
39505819
5220687
2913782
25090483
36557607
16003148
24500969
12755025
1041017
13828662
2711524
17584887
13875150
28608434
22455740
7713402
29864111
17452522
30435537
4180502
