113823
24145
149056
13258
65488
164576
35612
299640
248862
158143
153194
74089
259067
262540
45658
245405
197068
218222
301400
276578
50248
228153
194442
72309
156927
173794
227507
267831
213860
286133
91141
212675
242940
51200
59905
36510
83024
134857
293380
249855
235540
113292
309643
30600
256716
161196
49426
195138
250798
291838
202026
235475
103951
234526
215377
118080
86591
77216
304325
34854
219746
136622
54795
289529
212618
314148
304381
59799
229517
47790
51277
63369
50299
35112
141279
44784
48266
117964
106094
97389
49710
207221
191552
188382
82215
65589
132252
201660
221412
136643
179367
296233
192153
292559
111499
289956
140993
311354
73520
87469
274405
48075
297156
139140
205313
35775
304389
9755
199541
109009
30758
152628
144398
244981
9164
258567
152366
253969
240336
148063
5103
205915
304491
236182
97681
142947
219486
175177
180043
108662
46557
165345
51207
278027
305662
226261
66089
268235
62797
28116
300875
146929
64423
258589
63926
286013
37533
86108
263876
62241
298732
237516
243277
154542
144666
268513
5935
11249
185349
112275
26683
168266
187412
252852
100657
250383
275376
27653
165917
238341
97778
48358
195480
292594
271147
130451
260189
174880
12714
229509
161698
46299
122903
265186
303867
49138
175855
39134
260013
101997
124091
198954
62336
77197
244266
31389
206196
300135
247463
266652
110484
2671
99682
158115
168611
254203
40167
47266
120388
182556
273909
31472
40177
120984
13540
109008
158296
136075
254259
240044
182591
5541
47731
32531
135702
144407
85151
188201
33569
138029
7877
304690
269870
296587
202573
166012
84155
91119
314152
21674
61717
116938
76133
114435
274573
220602
108051
38971
69422
97274
227974
170521
273588
104873
202575
264300
161425
297058
202988
75361
148483
43940
272011
5417
175778
154649
269978
316985
77806
192712
172102
36307
219013
252769
257992
263330
439
54975
76243
304214
283449
29392
1410
161908
111354
187958
238447
98537
21998
56768
206494
152176
218279
35474
44527
169717
213242
102577
245339
228620
64088
100831
11878
69687
128881
302534
171029
277230
28267
212619
141571
215506
210283
54796
204522
113169
138253
4196
79814
217353
171265
280892
127684
282942
172679
31787
130601
203723
144467
140590
151633
296326
148341
53696
255723
292995
64204
79873
182748
201346
173819
56379
247889
217406
233075
221553
231332
67678
118363
234028
293284
313859
93949
13295
220739
273508
111324
13806
126557
117769
78265
161725
99049
64229
104272
315602
282523
291420
188701
78841
115053
202613
98153
207560
275869
82823
122985
143560
233537
125724
286326
270657
316273
181107
14276
92621
10730
123895
275035
80807
259599
3088
94253
7203
71287
34726
10352
222948
296070
157828
4750
54953
113323
99395
32732
298751
119428
95935
43705
86501
185194
225037
178030
1546
203502
146700
202412
136674
138415
222361
127034
17351
185246
49448
245125
151303
293682
255001
22092
106663
132622
3788
192255
212425
98218
129556
154624
203372
238192
257982
5956
203912
180868
259645
190005
95991
61171
206963
72906
182461
133713
80218
162343
27371
308522
119155
114974
236844
155367
183784
160676
192014
54261
210631
60990
225612
175714
138679
255546
263776
102527
297519
172928
126017
245814
174213
269224
177871
283215
48364
193808
218182
87
282767
66698
59734
316708
25961
216870
6209
129437
151491
106443
90774
247144
63937
289439
145603
174240
68039
203548
76785
124519
21644
66086
165380
238961
17536
304801
69390
175681
294069
283706
208041
213802
38218
207095
284204
273758
295478
138788
72948
225808
123093
44748
142101
280895
178176
40637
195934
30539
49690
163546
59251
117682
208214
294360
241688
261650
212270
109798
146323
306495
45700
256361
252879
245095
116261
160151
256210
299543
189297
37830
169528
197648
284698
274352
56727
2538
253918
57185
151512
217670
224204
67740
61156
65637
110903
237796
115992
309480
289397
271987
270350
262943
101872
94908
130297
87200
316328
286731
235040
229817
216649
273148
141859
64407
307336
230732
135998
214343
311102
250167
314361
7665
244441
264369
90269
109099
112581
291904
55703
16105
168146
110693
46400
229205
21940
195450
278573
160220
144551
188170
98646
226211
182453
92327
1795
261863
205068
169202
292813
256101
209094
131396
63497
141842
253266
244731
81077
54741
284605
76966
133817
246857
60570
174487
83955
296006
210697
252753
166338
88358
11370
10080
220741
174653
168943
52296
79955
139149
209186
15935
41381
91870
88228
123048
170055
181768
315825
133020
203798
273710
129588
123673
294819
192796
308543
179099
236517
100405
121297
256223
282562
146764
14066
243878
104361
240159
316719
86608
295528
29012
2638
289903
100803
90357
287054
224957
94382
157058
2165
47431
238367
25694
257247
284625
138131
3683
13559
201826
271466
183405
233749
229089
38976
316368
119635
311394
76982
9838
103852
58330
228948
4016
7432
160640
125820
261726
66733
260111
310808
89701
129416
301173
174080
154929
238539
274313
41019
143540
1569
128662
37233
57924
21363
1510
22402
274847
55106
243611
50360
86572
165707
218394
34498
273015
285202
53394
111989
216508
307040
75135
264904
314284
186722
296405
163902
312042
105670
878
312329
147357
107587
93659
157853
105198
173680
90112
206082
211940
156228
145782
295508
236252
56350
18048
199112
46449
35798
281052
292526
177620
99720
102244
27381
148334
210260
314479
128192
272217
242698
90443
192403
46861
303294
152685
1629
81715
34708
175729
207094
86965
66073
163424
130345
3048
91839
40364
160965
244533
20390
140519
189267
206120
304101
315571
20114
242928
291676
155509
150286
261710
133
240391
208230
27166
239568
316151
178612
72411
146236
188020
215008
162778
144790
172646
241024
140046
222541
266946
69707
75920
95071
46323
156538
206986
130018
136571
115679
309296
124750
272068
254658
5695
24846
22691
294287
137597
27960
294568
103058
179662
308120
139972
96447
169569
105645
259322
36517
114906
238517
146244
31304
252411
199822
271203
168350
31358
6984
7839
117522
262025
270730
129174
232584
161203
122522
271056
316322
9906
217893
219634
297886
109017
160738
235601
38868
306752
210997
251195
84059
292979
160317
241861
142624
250566
149588
41814
196763
308414
123990
143430
2409
287933
114517
260873
32459
35941
67784
214028
216690
314186
91498
307289
94887
2614
298381
64573
67345
63863
56899
99887
74737
216258
129518
251946
269356
184047
234664
261146
231549
112336
291659
287851
112010
166121
56728
163811
276976
252602
7965
267374
81087
79156
162423
9215
130286
245192
179355
111456
43557
45110
235045
121901
206023
153793
9290
174963
24138
175228
203084
84898
222437
314710
93442
112593
25522
286672
147190
198035
310376
166566
225491
253347
145130
283071
27205
2615
284399
304559
238285
59729
298222
47518
198985
194088
112261
278711
268265
