0 1.000000000000000
1 0.034785498434221
2 0.055451583706465
3 0.050992141846053
4 0.016288589330980
5 0.032769215067305
6 0.005263496475947
7 0.076857858589738
8 0.084629374906589
9 0.012985247928526
10 0.029142974495796
11 0.003943324070686
12 0.013433479128284
13 0.010886854907818
14 0.044183152154288
15 0.006640140770291
16 0.003900822199044
17 0.011780428323366
18 0.084125335787922
19 0.005606467910120
45 0.001495665256828
167 0.011856593979355
168 0.004617500253820
170 0.001577147374752
171 0.001442898292021
172 0.003535454137160
173 0.004203529422352
175 0.003535454017453
177 0.001921913548504
178 0.004203529422352
179 0.004039846410306
183 0.001695969081490
399 0.001121302612081
430 0.001573876943506
473 0.008442012004534
504 0.003330387793166
524 0.001017454568098
545 0.002646164959702
568 0.001238158169542
569 0.001077317859955
573 0.001238156504211
574 0.001507930610340
576 0.002142159853770
579 0.001507930610340
580 0.001507930610340
584 0.001507930610340
585 0.002142160720227
599 0.009211956081374
600 0.018257567830804
601 0.002351658685995
602 0.001881173608229
603 0.001733041907088
604 0.001021307006623
605 0.002391855007579
607 0.001762107170176
608 0.002554365731207
620 0.006727403045286
740 0.004443393479362
741 0.005982239551885
742 0.005564629127620
743 0.001708011387169
746 0.015835556061222
747 0.002584927417132
749 0.001355422616745
750 0.005007923123073
751 0.005982239939083
754 0.002735135321988
755 0.003726809139065
756 0.004132655232160
842 0.004990472155627
844 0.004990472139031
872 0.001296026907888
932 0.001714921443307
936 0.001554414579989
1019 0.001442809436561
1026 0.001411945743763
1073 0.001098217450422
1080 0.001375735235045
1081 0.012409303589652
1086 0.002215983759383
1087 0.002215983902265
1088 0.005856339466660
1111 0.001026438980589
1138 0.002230288697305
1139 0.001165025842802
1142 0.001165025842802
1143 0.001165025842802
1145 0.001912379490922
1146 0.001810350286835
1147 0.001165025842802
1245 0.001670289917166
1257 0.001896407906105
1362 0.001050515461832
1424 0.001518903825059
1431 0.002058017908126
1432 0.002058017908126
1433 0.001147920871677
1442 0.018706494912642
1443 0.010086076809754
1444 0.009598641944470
1445 0.006003475134889
1446 0.018047683894221
1447 0.009598641944470
1448 0.038438995426883
1453 0.001095519827258
1461 0.001252310626099
1464 0.001252310626099
1465 0.001252310626099
1614 0.001957477601011
1615 0.002253457023944
1616 0.002436492635798
1617 0.002754515142580
1649 0.002488693212413
1727 0.002647700089974
1790 0.014295778679415
1791 0.031676954960561
1792 0.029435344430788
1793 0.029733726798993
1794 0.009051856429927
1795 0.029733732325608
1796 0.012539192249437
1797 0.020994243872172
1798 0.024549697114809
1799 0.022994894384679
1800 0.023344707886352
1801 0.001239181658801
1802 0.001365370443518
1803 0.002593745045420
1806 0.002593745045420
1807 0.001105451431487
1809 0.002593745045420
1810 0.002593745045420
1903 0.001178819426924
1962 0.001263985163525
1963 0.003426037054627
1964 0.004352227047948
1965 0.001120374531663
1968 0.001120374508902
1977 0.001238890142994
1978 0.001229293182712
2100 0.001135870892730
2108 0.002422515324730
2109 0.001947913630775
2110 0.001222754646833
2111 0.048302439914552
2112 0.002131846148618
2113 0.001947913127408
2114 0.004256755228975
2115 0.002422515324730
2116 0.001134317036144
2117 0.001610726925034
2118 0.001070536184305
2143 0.002475558854523
2144 0.001526348256249
2145 0.001526348204946
2172 0.001610140668682
2195 0.001076137543296
2207 0.002052198231396
2208 0.002052198231396
2209 0.003807030961394
2217 0.002386676390700
2218 0.007379281116802
2219 0.008976396395920
2220 0.068446047500831
2221 0.006219420976043
2222 0.007379281116802
2224 0.005676304252576
2225 0.003762088420338
2226 0.004683540109498
2227 0.003261835727899
2228 0.003394619297226
2271 0.004309294735785
2272 0.001895709521369
2497 0.001081507583077
2568 0.001886371485011
2776 0.001278627838362
2787 0.006669068395654
2847 0.001134250904629
2910 0.003365971904153
2949 0.001187560886173
2956 0.002171877786132
2992 0.001063451139345
2993 0.001624551168148
3070 0.001038553248100
3073 0.001038553245601
3074 0.001252501413770
3076 0.001083858902073
3077 0.001006418419338
3116 0.002020306556168
3117 0.001578561787035
3118 0.001578561763861
3131 0.001120066348404
3132 0.001120066205324
3181 0.001223858564072
3237 0.001658172192159
3238 0.001356578541025
3239 0.002202605207452
3347 0.001752398905307
3386 0.003040228581650
3403 0.004585543775858
3404 0.004585543775858
3553 0.001208109627200
3554 0.001200492766066
3555 0.001208109596415
3556 0.001208109634688
3557 0.001208109663809
3558 0.001208109682113
3559 0.001208109662145
3560 0.001208108683874
3561 0.001208108790373
3562 0.001208108656418
3563 0.001208108676386
3564 0.001208108704675
3565 0.001208108706339
3566 0.001505449122315
3567 0.002005861752959
3568 0.002005861752959
3718 0.001653297797404
3730 0.004404752363366
3731 0.004063397227130
3732 0.004063396672668
3922 0.001920561099391
4063 0.001254004872495
4135 0.001576602468601
4245 0.012678090987336
4415 0.001656645397788
4416 0.001656645397788
4417 0.001656645397788
4531 0.001238739867543
4623 0.002724566901818
4634 0.002192666336636
4635 0.001086420301361
4683 0.001895385067206
4688 0.002547470019499
4796 0.002547460510583
5168 0.003201621900325
