942347
4247410
374293
386719
1662380
1836483
4436117
1748971
3399295
3957448
6208880
5869130
4931985
4264614
634889
3732501
1557514
873060
546493
4711103
4868767
1983808
4068952
3011116
5856832
6136394
1749812
4891429
3106918
5874942
5063828
6552860
70026
2072665
618108
4882365
5100029
5720853
2060173
3952977
563741
1204482
2264125
1623040
897786
3674442
1004894
4309453
4441380
326129
5149528
5828899
6051827
5675771
5853672
2866214
6175855
4306371
1960769
3156434
2908525
5579191
4868718
6229819
6495446
1348516
5936095
1445588
2478001
3835844
4362330
3629744
3703742
4569864
3733020
5163051
2022669
4659601
4126855
2211400
2482061
4461777
1361851
4839819
1443537
3344709
739478
5921019
343043
775748
2540883
5605156
3077616
5028715
3156440
2238780
5188034
3635114
160565
5195700
