7865
1860230
2787751
3765588
2518699
6637669
4357233
3494675
4943487
2158969
402663
407338
2332573
886131
6486930
6622728
2181825
3344282
5948960
3751863
4082840
3836502
373319
898815
2423537
4783934
5635886
6179078
1892509
4724218
4101541
3561473
2324569
4181217
269958
226433
4065027
464064
1255965
2138605
1166259
800846
3962502
2651908
3189829
253462
3587327
1616515
3199741
1193555
4433556
1446000
1197158
3884710
3718020
3368280
278105
1654947
2610213
6374258
5431932
3889015
6525911
704798
4573204
6418664
6387280
3351122
5985124
2290798
3309136
6208787
4722214
2057327
2856314
4016791
1982834
1113314
1277358
4927312
384436
6609575
1797866
6228478
5767113
3291145
5497767
6403457
5857808
4423410
2931367
133749
6017376
4511286
4376314
84955
3940470
1472603
2102244
4109617
523805
1836819
201518
4692629
502345
95783
4845789
2571247
140560
1501344
5289168
607622
1316474
4295584
4871418
5459795
4911380
4623017
5794664
1922952
2392062
4455323
1328858
3968289
5918860
2754425
4667077
295822
942300
4535724
5261556
4636513
1967524
5447793
1484225
2058679
2350346
3943401
1558891
5378820
5753135
5716574
4139072
2978052
4734451
3468677
2708294
766837
277790
6185003
5285464
4004999
1926383
2086317
6419666
4476867
3999833
6300941
491384
5706967
1366654
5027998
1862740
1954041
3373854
3786471
6448460
2144553
2389455
2936473
4408952
5808052
3319300
1327955
3272704
1543399
263634
4509362
3381749
759763
3839460
3869057
2679145
2701219
5056792
2261307
3869309
5448014
3320559
1586731
2420147
5022310
1618382
1775671
6614911
4260308
2889168
819119
6150959
3114026
2068139
5681408
3346727
2909714
1811160
1094791
5487042
5941338
4409735
953958
2911178
73348
3456766
5423498
6407806
613612
1592285
890701
5928495
4158222
5500512
4815776
977264
4220747
6310845
6558067
4596070
2550395
5068608
4624756
695319
4320113
731912
4759458
1641327
3751216
3665907
1689381
2444130
6583294
1337661
4602036
1368571
2486842
6356800
419081
452160
4531771
3812180
52327
3341858
1757039
4865690
564692
796161
4701027
3981994
2512014
5022164
549159
1023312
4418421
3929546
219475
1017177
1559689
3717281
2169532
6248320
1142057
3938103
4501705
2825140
1454022
5294805
1855602
993807
50929
1243456
2100199
5337663
2885123
5049238
6262715
667220
2112466
919881
4108460
4604645
6241045
4819724
4649533
359709
4852710
5270550
4893436
2144547
4458000
3879283
4924959
3890805
6595043
6575232
6380240
3962866
4387670
4031572
4828463
855501
314790
1583841
6267472
4885052
6477333
2260631
1817857
5572055
1792344
5837625
6512711
3760190
3446810
3310192
5917461
4244360
1809583
6165722
2567566
4574625
2107628
3474673
179769
4617291
3186189
6006609
1889763
3885538
6521212
48030
1576628
4636629
3252101
1784692
6108972
3503067
3914716
35768
4812360
6325034
5738235
3433012
6579195
6023816
120820
5904876
277964
3928841
5258011
1925737
5859269
4687576
5523576
5405188
333655
3261066
2161774
4157285
2013728
136930
5377529
3024552
776224
3679868
6568189
4745394
3570219
5730202
4847515
3150489
3272258
4359124
4097825
4394110
1354013
1308748
2365898
64296
5466777
426725
1403148
5619025
2925698
5294777
3809704
4206093
2698387
2534378
2198998
3127622
1084369
2464982
5704310
6058456
1066138
984573
6588852
3084518
1376793
5922222
1245123
941987
2322600
1351463
5514194
4189301
853545
880116
1805439
4944462
3866783
5414942
6386420
3935092
4695677
4369175
4033162
3740887
5915396
1854917
5898180
5755185
3549338
5335805
2351018
5346449
2026362
5495091
4817762
6117279
3534207
6432381
6033338
5262075
2628475
1903025
956970
2275790
1107579
1045723
1888925
1737595
5717521
107040
3062433
685197
92637
1747948
5099533
287409
596467
5103830
2985033
688040
5262324
1076960
4538591
492507
6457173
2027787
435189
6006459
5181225
5476397
5481620
6078766
5335597
3941876
1495748
5423927
3368128
3213179
3536513
860250
3436930
5220463
6190954
4293489
3740667
676622
5147510
1604575
3054756
6308685
4205024
192019
324335
1037876
5634458
3913454
4245985
4480540
2694493
298877
3375633
2258138
1697536
5242495
5447933
6607907
3480200
766100
3243157
77720
3452110
6172555
1227532
5338033
1438091
1944722
719518
6630085
3647752
3437323
6201373
729410
6150950
785188
3978392
2186903
1551438
4175125
4995025
649700
2096471
5132518
5032153
3846532
6394540
3953278
4456427
1194652
4553783
3153037
2014714
233671
5227635
2251667
4012064
442261
918619
6117245
2862274
156760
4786079
1438117
1891146
6171866
4190608
5967465
756516
6301601
2011616
1701693
1558491
1561504
1401332
5883769
1316875
2906668
4559629
1442928
2603791
921332
639290
1998881
6523740
4523808
739012
6158745
3595993
5434575
5668740
4695521
4091995
1017389
6185922
5722088
4160538
2198431
6165031
2764605
2757249
4747212
546062
5526126
1406920
3270776
526960
3220303
4531276
783887
358416
4165983
989480
5261894
1312716
3920734
91297
1341335
1462255
6265674
1617661
4537665
2463705
5338405
16168
5872892
2469271
6225263
4667068
5306102
3552289
5315837
2583781
1869141
5065617
5645370
4308282
3206503
3351351
2180339
2615589
3591775
3898093
3723993
3729216
5352667
5603371
5702131
6034189
218048
1089853
4491767
2738178
5319992
5333920
3029963
4908502
1638092
2976921
3025823
4244523
1737483
1003645
6230127
2750642
6095314
4002425
5668184
1000661
5182543
5741312
4268087
1602616
3658737
2378972
3643415
1919938
6469171
2826999
492494
6350959
731011
128625
967454
2002548
3222989
2735199
3346290
1822186
6254772
4294386
5654679
2495017
1110922
5204013
3046481
6016071
1343227
989804
2362873
5750859
660972
4532481
6516802
6000313
6320657
1264793
3806217
312972
826567
2216845
5946466
4727766
1492746
6244366
5908353
6112730
6037867
4842871
3236375
6444917
1930368
4423480
2571056
2781855
498443
1349140
2869235
3010256
3390453
1837481
5403360
3521339
277617
4508247
6202654
2906941
1427112
4229146
3088695
1489073
2474479
2541733
3995468
6388759
6531762
1211266
4573507
1456973
5059244
222361
3312636
4323126
4606909
4056191
6309943
1214036
3994413
733029
6159726
6189140
2410688
5462661
2636258
1058912
3617577
3618292
827469
6102433
1172362
4760563
589127
2027193
3023076
2171727
5538821
6394835
1951334
2985133
5013398
6345406
457970
2290172
6639190
4469762
5588313
4582472
1060698
4455648
6071842
5169162
1017139
1263216
3110310
2583590
6431973
1012172
3451313
4271324
1681355
6043538
820538
1072385
5529345
808373
5253146
2633513
691450
5883112
8562
1853322
645068
3721250
4633899
1223280
2067665
918605
1468369
2670452
499425
4227635
2665958
5595819
3119017
3804971
1714830
4673135
5574973
1381260
3310288
5023432
6221240
4671750
3891546
88782
4444764
1218003
1101059
4937304
2579990
5209554
2624169
2945144
5544457
3796493
2718814
6304489
1241661
2740662
5295896
6446450
3494141
1429315
5776225
4799524
799743
5127558
210956
1823231
5615129
6309788
5820567
2753246
18323
6575021
3945597
4883996
5982106
6419425
5463616
1377700
3364181
1107076
4531623
819893
2890748
3124224
1518869
4464641
6368012
4339747
858218
4495167
6581448
2570184
3369303
3779783
5228432
6175536
4966549
1545793
5229749
6190781
4430630
3228241
565569
4679552
2357058
5388139
6114763
4020544
5838148
740497
2230705
4102280
2018303
404493
3358970
815107
5426376
5249220
3619671
256059
746907
4307252
822784
1966621
2032779
186585
2213109
5167586
4019969
2272005
3070206
5213862
3666113
1143314
2509024
1098814
4199535
6488475
4186873
5263704
3618459
3520514
2726029
3546040
2992402
4465817
6403556
3861192
3705529
5859296
3763383
5042113
3839696
4036571
391763
621591
2087513
6337294
5264652
3027467
5401697
3138397
6480263
6152955
2279230
842291
3161303
2891448
4280766
5393892
969459
3643635
4683908
2497212
2664389
4384497
6177101
5599827
1320449
5606791
3108582
559758
1585207
6063059
5833206
4188498
3246594
5915547
1239738
3422952
1542672
5930908
4795047
2956551
1381217
5428606
4787545
5622761
2769262
3542000
4053304
5775153
830191
1439470
4963492
3389916
1072939
1320161
5398399
2045757
6082574
4405991
3384673
5731541
974062
5446691
