1753303
1349945
1498664
1718523
287882
1505923
1558536
1188502
1389628
879515
829026
1761223
966192
656045
423463
843696
1711043
1574003
318602
1382235
1271349
23628
89375
876618
681626
1356004
902828
642400
1353056
575596
264202
619550
1748683
562941
185121
967501
1472995
1424962
634548
1183805
521643
141201
663330
141030
815923
940424
594307
1596109
885944
1555808
1433938
331115
394398
943831
1465732
550418
97453
198900
115402
943832
1396492
557273
1034192
1680103
735688
1196831
846890
92172
871553
521964
1225629
526073
1474918
858491
1123391
1381059
194905
1231885
1552412
1695775
1486733
276100
335179
30994
73583
1545565
151598
884892
290459
742709
222150
92939
1656392
1623313
383052
386845
210944
825517
237059
1089687
547634
85931
609777
1440184
93915
621438
985125
262610
1011994
584998
638157
814986
818468
867932
146161
1699123
880369
370256
624129
148836
913135
1258347
705769
1014020
1067000
1508951
121409
735982
179916
348631
1466420
747387
1583225
55944
1239824
344114
539529
1131488
1512537
163357
1124389
1124604
1063669
254660
614442
200084
546918
555916
1002501
727423
697826
191248
982342
265050
393884
1051982
1614249
1737786
1529728
1749179
987904
1227300
644693
1551754
737148
208782
1660922
29682
935805
654863
667050
372416
207816
306158
44444
59940
736446
445019
820890
1500594
165247
726864
1505091
64841
324359
1250571
1270965
333568
980228
818315
47987
630062
660610
362899
364545
801558
309350
614025
1581662
736569
966825
1536132
135266
999038
494148
11816
1023337
684742
1014765
1141507
1001597
10410
1389154
1725761
384618
315232
903690
521646
203968
285445
691430
1018738
749601
1728971
587586
678615
1016369
375428
976073
25020
538615
1152237
600340
1173148
923075
957641
601618
812279
457566
485465
1116143
1143614
896392
447034
1447237
1163262
784094
1762536
805067
218487
192372
1587357
989104
1236827
51428
878835
561567
629466
531054
19148
68371
393139
364456
1624940
1089694
967824
106029
1136566
489408
268301
1102274
184767
563042
593688
1182133
351726
595950
61463
174628
116507
985266
236336
1256503
882217
719263
926993
1576386
943266
269499
816794
1379746
937767
1399052
437234
1225907
437473
1170688
1261407
78750
495188
586676
1405902
1731469
853328
948232
1525429
703677
1585933
732482
1052012
1421104
1136338
20357
65623
1186387
540717
307423
50847
516665
916663
952183
591871
658029
255582
929196
1222387
221312
698247
1022456
560439
445533
1065878
470456
665607
318073
1146789
370700
579742
112924
1483091
1721761
478597
64239
609083
451067
942398
942424
1198351
1602113
1002459
1536946
764972
494297
241636
738169
794956
34608
180852
580830
1435664
785262
1508740
890685
313598
573007
390357
604794
812554
170125
65665
292095
843992
188769
1095830
1654198
485987
179831
713143
473348
384333
1194988
812531
673251
723740
1469454
161963
831062
1627840
317845
343960
169346
152063
654916
630226
1502686
1363599
588501
1181061
746604
954341
1279908
1373011
822497
1645998
460377
858652
242053
294613
745532
1136201
136867
1060347
802679
576349
773046
1636442
1457119
1461255
667060
140988
898323
1042084
559827
1763053
791164
1039926
1241882
693764
720407
1195625
65716
729037
873540
76214
554630
1423389
982769
1044937
1258589
112668
34323
262394
48251
830362
598061
213300
65315
580246
265725
304199
633982
999592
298975
1070238
492226
538571
23933
466147
1189295
1171581
833827
418212
389343
982726
39239
714755
681676
672971
1109962
1255451
1258743
82779
450130
732701
377988
1128016
1479698
902936
779325
46535
523569
1722680
786816
1475667
1683900
752465
147560
1471676
1621402
299131
67578
821874
184243
978438
1698974
730993
1058547
1351855
138713
1075371
273731
715259
1235818
1057680
1627701
13550
302556
691804
399316
1633998
538909
1223122
1479676
65984
453058
1377529
1639638
831814
1129319
1069135
233548
1597643
1731792
1177600
1097771
1533021
599680
1168987
1027276
1338863
421356
736477
724132
1083783
377431
1197442
355513
793576
3162
1461518
1050579
1052225
411312
473037
89589
869557
911530
840738
41619
1201848
568124
425804
620796
1281476
1239692
461508
354759
1012255
1477563
505600
276739
882153
858043
1110447
292177
1025138
1131282
165027
711499
188321
588751
1023168
1428907
364081
1353780
1770142
1073615
273659
1372594
1519088
705494
1463891
811016
443737
672989
215106
1422712
743722
539222
1229719
1529208
987757
748124
526072
762848
896997
1567002
939010
75474
1480461
718043
132890
90069
910080
1366845
523027
1492764
986563
1697935
1391519
493544
314953
4958
632247
1400028
618385
1278224
1605778
1658774
274309
1437184
1090725
1009914
902895
1273728
283646
967859
180943
540621
334282
1204782
591746
1146448
1236705
359635
68888
561865
501786
850893
800404
60815
201836
183329
879729
931755
370858
317797
732155
1592568
1251332
1453093
904678
48106
398704
349775
1456088
954680
1584992
1000016
1631999
651816
1342891
354064
518594
1720174
1636129
525371
778141
1279549
1575519
26042
93798
147858
1547230
697622
1169243
42913
182193
2865
1632427
935990
995205
122825
1091672
253925
1380237
496976
138330
5442
1143853
153224
597179
805064
713023
659052
1766328
86950
938665
151733
272886
585473
346956
1375706
441992
56126
1367025
990091
1589940
1199956
1139356
753369
489036
114721
30639
828017
269373
1152937
1669568
156417
718526
1700365
199799
1026914
38355
471864
1646949
388539
83559
178915
1455068
668136
187170
805160
1088943
402628
3939
374772
620350
294783
708484
960929
793511
678703
396661
50202
1017582
10040
39258
150802
420457
456471
822081
1368637
1033331
677093
793740
1546785
303744
861738
1369950
1266684
660133
311181
152426
460583
107898
1504228
1767119
233298
1276862
869761
218243
1234987
1259361
728356
1432968
1020351
1654705
1384850
545442
296707
799856
676596
301848
409790
1649382
325970
1588195
773407
139111
873813
677311
148106
1192586
612833
1538719
666380
87311
1227666
1481952
766590
1476918
1373862
1046554
473765
1647526
872391
1098721
412010
229388
309474
1637483
1477311
193947
1071411
1234745
874041
1616175
900624
912965
1625034
883368
155836
1227298
215531
318983
265488
552398
573290
1098221
1261875
463756
1569719
782225
245310
356734
117591
1159581
1680505
282417
567941
377250
378991
997832
1380599
987133
1556658
15784
1112614
366328
1041836
499681
459638
988004
888683
1092126
923249
133766
333755
119997
1146278
873042
54543
1383
939782
324075
5472
687944
140248
833166
1668846
900291
1228917
1006069
1624124
181749
955448
288645
706485
556599
661120
251067
47632
331751
751078
87757
1075847
750762
173728
527197
98911
1624708
1694905
657269
1411122
355267
1291775
1413645
141091
1116051
306486
345183
1396747
225987
482764
470852
1747325
76489
235590
649948
254934
197448
315836
418214
871195
216579
1269207
907079
322264
1481871
509602
1041742
307040
938621
635687
1606430
53458
1266410
1038095
1278353
900556
950346
452439
1728592
849790
815300
89303
857393
1135953
1624433
988968
456655
425762
1782001
1069244
910813
54241
548207
384800
1583389
675674
1380779
1513412
818753
145331
122287
1513980
1682825
526801
303078
1154883
1608236
413103
1438231
358574
238356
71857
1487981
1617391
257203
1561212
33267
1123509
111988
898920
369707
1100927
901638
891235
151310
14485
215935
1589584
1667695
391542
773718
387854
1236189
699684
1389143
25940
165220
1470479
575605
360981
912973
719339
573095
979486
1259787
