340422
1369525
1211867
1336269
1311094
768594
752288
1309273
575436
1439699
1656082
546269
292596
1208679
1762784
2636513
1549636
821639
982763
2170232
2743668
1835222
214128
1651129
2495047
1699405
1410406
1818834
1824186
1893723
2144797
111543
2769485
785271
2344655
2214131
1577022
2322262
2001072
2414492
2087420
1012195
1818329
1539078
2498369
244604
1756266
1446468
1374891
2682691
106407
1972288
683884
2853145
934952
1394246
2970546
321723
1911256
2651440
2204179
2373226
1998768
2819632
2031583
2966537
652637
575350
755887
78502
1470024
2577950
2932924
1447073
2821631
2658940
1273588
1323731
2474765
1170216
1161511
1639920
2221414
2375096
1688718
1596996
1392593
2834206
1504772
1052521
432464
2112151
1045249
1092887
967535
2676825
2080005
2198393
1832992
2012315
