1340017
3033769
1947938
2777060
87813
2507478
705312
441338
2928881
1240111
2631711
1925149
886549
1804056
1288702
2001980
786395
27194
2029823
84083
845960
27866
246003
558231
1807465
2239630
1363355
510027
2987520
813610
355810
2222733
659718
638300
75387
1057311
904902
2052273
1354915
904864
281586
375053
2011861
1607998
829284
1062578
1271346
2826407
481101
1357637
2525848
1207029
588726
2209143
1575453
1541189
2432575
1809281
80468
2688014
483285
1782082
1804420
688313
2228942
1722311
2037822
422171
2168053
30746
2452012
720075
1148046
2001136
71047
1086644
80442
1039733
2429235
4309
2647785
2507052
1795157
2038679
2510647
789264
2704385
1370302
1497255
2779287
254323
1112150
2361464
2681611
918369
2581024
322947
257930
1118563
1926021
1291852
576301
112106
2647023
2719469
1723617
1149986
1769252
2214948
1434130
271231
795263
1572175
2681579
2128523
2351556
1190616
479544
1289376
129812
2884074
2475088
451331
2978158
462883
71958
1055748
171963
201621
1865227
1868709
2353941
2904097
2622990
2133769
1807392
2298354
2541709
1386903
566892
105189
1769027
633895
2335857
831778
2092262
118148
2804990
2336703
297222
2919534
1322367
428589
415732
2782680
3025804
1302442
2698905
1477409
303975
1510465
442211
579752
1784524
2083558
1550812
2224579
1310464
2022533
2590862
111163
2335993
2960761
801921
1321103
1228830
505595
402148
76581
664560
2088357
837665
1363447
2930589
2862928
1875781
2601667
2325513
1157302
96149
2498729
2670754
652935
2107999
503514
1837597
3057414
1276371
953676
794784
2805297
252351
668621
1490373
2541937
1924707
2732070
1903772
1667194
2351930
1935646
831852
813152
477139
662935
237273
1184538
811717
617616
1755256
1549506
1781337
1817898
1826023
509223
1317469
2900038
27509
2352484
1908253
1794991
2062212
1871276
269565
2201706
2899847
793326
1904376
902161
49287
2324963
2437808
1803340
1073861
985299
2285549
2376436
588880
1308182
2849207
508838
2555474
2089214
66589
1143896
404832
817978
2782902
1912991
1122462
827828
800445
1726336
2982722
2017343
1219033
357760
1202773
143661
342135
1575173
1427393
604393
2226579
2065302
1827099
186860
2943091
1124143
532203
188643
2747249
1587743
479713
1976797
627522
2061476
2350356
2803829
2660479
466819
762789
1041780
512591
2974692
1472209
1522412
2727284
1680450
1068138
1982808
1526666
1868211
2640664
836988
2538952
2307343
1657173
1353493
1626772
956625
8398
206872
712804
1097565
2183460
1170754
153094
649279
2635792
2594835
2455555
3021464
245414
996813
1353422
2955142
2306059
152290
589281
825095
212783
792434
1852312
743295
824772
1154698
1171414
2888040
1809910
717990
2278802
1938550
723332
1023727
13115
2001235
591025
1749041
192748
2515254
1147811
2131296
2706662
2068469
1663858
2640559
2868781
1910435
70198
1359366
1195930
2877736
296808
3032698
743283
729292
1955968
2718865
1160985
2842759
1277600
2921029
2020969
1991372
2472330
1530449
2894873
908533
1173165
16850
970315
38880
2316601
2793392
1853252
1979994
2714276
417745
807024
1020713
123329
563515
532912
2644745
2239092
881621
2059295
2159309
2392002
2139557
97385
1140244
604016
1194215
198363
531296
621003
577384
1922305
263960
2802650
458262
2847435
681575
1449356
1172872
1746503
2250179
1145234
1268845
1854084
2998823
2384250
1630984
497236
125780
2218462
40471
2448873
2069335
1542289
1515802
310107
1650774
1727664
2519806
2198635
1783020
1925269
125075
226916
1652931
484408
2880024
2001399
2718555
1651022
157244
525185
1402649
2204251
2643146
1592998
253635
208369
580470
2239643
536945
1006878
424194
3024874
2609892
1488688
1665360
2198106
1684511
1127391
1613845
2181715
1264070
2381538
245331
1405761
634494
929951
463310
261860
2114284
1917551
481793
1346326
2182006
967011
2349365
1174628
3032962
2657090
195316
2270687
108915
889964
2759798
1886874
1540415
556645
2546839
1924651
2241725
1635174
2848675
1324228
875693
1370804
2761863
1928164
2015613
405724
1286670
2975607
557355
2961676
982159
1422803
1838902
209149
757964
730108
1991624
1839369
3013193
2710259
854353
2522231
2724187
1003026
1819442
1745538
232041
2818060
2551687
2492947
2393888
2550578
167149
1863783
1843793
2005706
2383389
2867387
1756516
2802950
766848
1194808
474104
607963
839516
5817
1218915
1920934
2742979
2359959
1423301
270759
615892
1477687
1756247
1549562
2725385
2328437
467308
2741257
704526
1870996
1393795
833193
2617830
2488619
1363185
2902229
92255
1428776
179462
1057404
2965053
2623817
175971
547765
1402071
946129
2271179
2798702
452876
2439169
1798481
2830253
1883149
1299220
594922
1367012
1505276
324471
2874544
1102206
251705
1404247
2130570
2962986
309702
2911205
2427460
614642
2336491
2150493
38904
1459898
2837001
1218998
2048213
1421453
2278378
1270203
375476
2255756
1256422
2487309
1449223
439967
2202709
1164083
2625109
2102809
1634471
231225
2939082
3071398
2275816
1649513
206605
2883510
1638514
3063950
296530
2065157
1046308
2705476
1887426
711551
1917335
960275
1834473
1594249
770756
2202666
2251414
2664912
1059710
201545
1417939
2037924
2382642
1674055
2378172
1090834
2718324
2920280
1831568
82693
604035
892085
2393608
1622575
2784651
621729
1222374
959791
801360
1697674
257867
969762
931267
2123852
1109093
1403727
1027062
2808910
1051611
2350397
1861475
278906
1905869
332005
1346764
2273204
2642296
675326
2778273
347837
2573332
776620
1180713
1244790
2857605
1957508
1898077
3061065
1243992
2885982
706250
841779
1808034
1552872
2534667
1507563
590464
574503
2135367
3070284
1795804
2339983
2771751
2194005
741294
1168632
1389739
1728495
2524775
2401164
764624
2227064
1869495
760478
598991
1178744
2897243
2607508
3070871
2430183
268627
712582
115827
871421
1417076
1918404
217463
1449651
550339
1600162
304858
910804
2076925
771175
2766950
2916323
1194366
701663
2205284
829119
206453
2332214
350956
1077864
2227061
2514326
322
3000351
2730378
407898
663825
2174086
1312417
159875
57140
884115
1776601
99121
826859
357991
2666557
1727514
2894315
2283432
163518
389572
2626757
475646
1516764
1794210
535610
975560
48862
2696081
920767
1013040
1195778
1359432
2992490
76304
883480
751164
101957
2059117
79459
234055
491244
3057389
562536
1854108
1175118
1220028
2081823
1796299
1676170
584847
2025058
347093
1935475
864760
1027170
1107829
558647
2870695
775677
171358
832102
1819249
3030209
120998
834820
1124049
2868531
934280
1946894
2270720
1785907
850990
807465
885650
690697
1449321
2901315
726791
2734164
2819172
24162
1514458
2849805
2621936
2262134
1758921
2601565
860565
1481599
1648735
762369
1204583
1020037
2325691
3016868
2676143
1835446
531562
733518
2881171
2327533
2319956
2262503
203357
239809
1112591
1924264
943974
2721643
857032
2479545
2991399
1019627
878158
2096858
1618083
1417992
1810062
514758
814669
2242610
2672637
640890
82877
2821813
2249660
131258
2039792
2883367
712115
2799574
2072042
1598428
1485624
1008786
136023
1869543
2165250
2828050
1770968
2040823
2285483
2438691
1336694
291890
1482621
1186651
2541149
180905
2278810
93855
1722138
2423761
2742364
1307780
1839356
1560796
1081456
536880
2061996
2284979
1271717
2475090
2910340
2829905
1392745
1522505
817400
1472347
2580316
1600123
669793
596671
1191180
2723260
1722185
80084
1485071
2334679
1597810
1177276
2039608
947036
123028
399847
2380817
540580
609718
2531782
567934
341679
2354275
348643
2600119
2989782
2523194
2208123
525143
2699652
2591710
566163
2841621
419630
1054411
2454175
53264
582477
455366
213367
1121671
860521
2187149
1435284
246181
384083
1475161
962547
2465030
883166
275557
3066934
507352
2526912
2020281
1684268
2787
2273051
2413825
1698816
965855
2344522
254559
1154659
2972206
2942609
2543224
1502106
901461
2889683
480582
2169352
2813612
1359877
2198360
2795523
1128064
