1463048
170588
1014418
3112579
924200
1478309
654816
1120391
2075122
1455797
630686
1863947
2547078
3609088
3542555
2689694
1683976
2119010
648072
2678367
1941789
1727300
1016721
663556
1218344
1125685
762436
2601311
1779442
3676989
2032099
172711
1048363
3160485
2635563
3155522
1712233
1976865
2730996
517157
1327778
2703728
2158795
142254
648536
2506041
35562
106286
2226824
3015156
1613651
228205
2358072
2288574
1428520
1170147
535812
2894069
578165
2068461
1904807
2985968
1923787
1794483
1916560
256433
1679011
2735073
1857609
2539805
1442624
151337
1520334
2495658
1399422
587920
2975443
2904665
1435610
1927296
3180985
1664574
1886904
2384830
729662
2592206
2590465
2873600
1375722
937743
3476540
2557249
700659
3428806
1516636
2257336
41014
912145
193884
1430853
3054455
376797
61107
341408
2397262
2456390
293189
1903746
826010
3434097
1072087
2245061
674777
1153763
2050244
930825
58584
97138
2150194
3438053
2286607
1503593
3294441
3533490
3510857
2179141
754528
2434576
91190
3375179
2819987
2656210
1776696
1816778
10658
2618780
1749166
2738067
621011
1015410
2385560
2164639
1147797
993290
761737
2378923
2197863
594974
672336
1659342
2658676
1093858
2334810
1681935
250526
2382635
893977
1939187
2155818
2077562
197007
813679
258977
1589320
632171
2900268
2303105
2520463
2926116
2167543
1384581
963205
732765
2208411
271069
714033
2818902
1672825
1047806
2631258
3507464
641778
673116
2975444
2917834
2214082
406924
2800208
2667026
1911432
2147633
2998615
3468138
2648127
1756984
1506440
1964028
1841908
1572053
2742005
3265919
2184758
3218912
814956
3169569
1480040
1984930
822030
505168
2850081
2613305
3350713
933278
397050
1382506
445932
3372700
3598636
2580151
834
3264852
2334714
1547782
3250569
3373375
1249355
476968
818513
1365763
2155152
1038582
604891
3670588
1561239
1231419
2336954
1001032
1052525
1405948
448064
1966002
1662774
1746210
736538
80181
1645340
1806739
1988932
2773567
2376247
3311805
2406733
14922
1714476
2996710
3158181
273344
1511195
176227
818477
978298
3410475
1176517
2275222
1168767
1732851
1897985
1138909
2019855
609233
618275
189989
1389505
1634986
2878467
1839090
2306155
2757629
2606162
590822
109367
971048
1961808
2597273
2361464
3313019
1164989
1568333
1084335
1013212
704392
391012
41963
1467842
2000588
408083
2512494
2250960
2997849
2398945
2024480
596575
3046889
1560675
418686
1186467
40858
1913161
2028589
1727122
2968455
1434930
2986285
2773277
1743837
2706610
54057
1467749
83693
2407022
1175976
3059823
540700
3008368
1389137
499486
1958444
764333
1445727
2776994
1290180
3310645
1761607
316528
1113906
2969771
1507991
1978815
2508004
2443782
2485566
3010592
2483872
1784190
887575
1193991
796028
23024
2603952
2171958
1325832
1045531
3593511
1246643
1995273
2167192
1888632
1061657
3384165
1860790
575434
223673
845882
522992
383712
31138
1211536
2881155
175131
2124914
2943799
953785
83186
1158414
1901821
206936
2158597
1394853
341228
2984066
5321
364972
1270272
300778
1509183
3495664
3243186
125766
1563832
1758883
306027
305430
2076526
1894674
3057662
584030
2933695
1784787
290500
2406493
1123376
1583349
747181
2451247
3149285
2116675
1138951
571309
280562
1090796
2259007
2317729
3517663
2119443
1920969
3132705
589635
1731216
190431
468605
3080440
3468896
559365
936126
1323608
531677
1699888
1874964
1175082
2954384
2915699
1073837
3005778
2821415
2517728
1357653
122460
1179192
1079335
1777476
185961
1298460
2771346
857006
1014062
1406924
3090471
2562948
1843646
2757371
669912
2255834
2939496
3750974
894142
2737861
2261118
2284985
3628947
2728850
1321793
1139524
959564
2089020
1404807
236970
1019295
2067533
1891692
755754
3243851
35277
1614614
3574439
346625
634506
266213
3584559
3034047
2144396
2489233
1796492
2081156
1266251
341199
2986666
1829528
345738
2624707
2005443
2252838
2008407
516959
1937416
1714511
3538962
217592
2867394
3292062
1947001
3107431
1647363
921366
2244664
3271854
3345789
2292484
2229302
100059
1068562
2612313
2631242
397578
1442164
1701201
552141
734946
1574406
1794743
231866
923591
3014532
2530534
3506817
44404
1420364
137247
814746
283741
1276386
3193369
1618373
2692388
1875125
3721578
2777956
2024819
609243
2167182
585376
210679
947122
1386564
1175903
512914
1709556
2302250
366258
458920
2619501
2150391
2805139
2578809
2629298
291135
2744160
3358733
820815
1163792
2299096
1620106
2603631
2189273
792991
358341
3533910
1231156
3270514
2223907
3207572
30792
1568300
927605
299104
452312
1274900
704219
609862
3510368
933671
1821581
3360707
2408380
610605
1959880
1098199
1549358
997461
910564
1452921
1302619
1579438
3354649
1922629
1622383
2774312
1672212
2036081
456744
1427884
1250227
478169
2988691
2734706
2487484
2501829
1229158
1247154
664854
2943874
1637165
73869
1846207
1344868
473738
1197978
2151012
2763369
2126163
2553923
1763641
658106
1652217
2858735
1117113
168268
1912750
1597820
1334359
2576492
3399809
237326
3580046
2453615
730209
933293
437108
2378707
249464
293938
1277603
561593
1829701
27921
544998
519020
1303492
2974852
260030
818891
1342441
2959623
2425136
1644941
2167817
2749311
947454
243581
3347784
1509696
698390
3306890
2066629
1371111
126244
2418058
1242814
2105178
2754304
329091
1900906
3257145
3253294
3404761
1897055
1921745
2220131
2338643
1319769
976106
1405712
3130921
428889
3484344
155552
447311
1332518
265534
2762128
910194
650785
642080
3000104
3368366
23368
1845490
1496538
1189146
1558496
3234121
197817
2538990
2935938
1380707
1979611
2859025
2287977
1173557
3271462
2270561
3090572
1964145
1256751
58943
1538697
1869349
2872165
1943821
2223494
362259
1623719
602376
187125
904417
198530
2990837
3234577
1028114
2419187
243183
1537762
2695241
1572867
442065
2068573
232460
632830
518433
2804796
2232155
1545773
523522
1744079
2436997
2527
2095209
1522732
1418272
2300959
1185705
240342
1349521
2745803
182981
1011544
981252
2704842
2381016
1243073
1749704
1683546
3530747
2716795
1926788
1221270
561431
2987135
3415421
1656112
3064581
693339
1725041
1172105
459493
3396320
2485199
947567
3274759
1645358
2606390
356157
1595749
2478005
628937
226481
2554960
2328630
2397687
405204
1716841
1340785
2929503
2721410
275125
1443336
1005744
1360320
794150
455897
3462180
1432510
2953405
3360799
1080474
808878
1901511
3083650
1354797
2223556
3673809
595721
14074
83
1100767
3487242
1899450
381298
2209348
1487997
2408986
2466903
984827
2060488
626685
3158099
652473
1419585
1134061
24023
1350665
92920
1059985
296463
580487
84941
3237892
2074505
222774
995778
2865612
724601
908478
311783
3767668
1173572
2586971
421167
1309243
1595791
1748999
3003491
736709
1610131
3403461
1163255
2038151
1374349
2159540
979962
2209108
803028
2223684
1172474
552893
916762
3719772
1909604
3207079
2646477
1399921
3357241
672619
3518535
41758
1324815
282680
1786517
557371
723644
2760477
2027184
1818191
890310
1002711
1084538
1744207
2562477
2713593
2382859
771701
1499439
2541245
1016129
641814
2437574
210136
534191
2929807
2711656
1136051
1347364
3680304
2296209
3124566
3229026
1628229
2386300
1142781
747574
1879666
3312324
1557396
223790
1212860
1936443
1509898
942878
1558555
1342671
2620669
2163153
1437156
2540832
1832245
2004508
502025
2804175
1185525
2983165
2248226
2911589
1127325
1393698
1747911
2028449
341420
1471329
2218830
2962997
2134562
416195
2059290
585833
444812
1882593
1056842
2268434
2578332
1615287
651270
2456687
601112
1879006
3235245
2880079
2091406
1623077
2383469
1111167
3034626
125415
2110345
764083
2074137
1825693
272192
276982
322566
169115
1292060
3388506
1012782
581014
2731149
194249
732300
8044
566905
1122206
2246892
210458
42420
705530
1191923
3132815
935673
2402433
3372983
2757300
972775
2778192
429583
2432187
2756436
2404619
2963480
210533
3586332
2452196
1230014
