219048
150484
65590
151712
292487
198591
15748
301884
266868
211316
309578
139643
153198
172981
85649
130831
61306
190929
290426
35384
325610
137302
285123
162897
63205
5615
22711
295292
60705
16768
204796
155016
165601
142863
77003
247307
164718
232309
256178
267454
254072
325467
200262
80257
180034
324088
169797
104324
323509
193073
179916
76886
73358
183093
202856
19933
248188
197699
173989
132107
198265
20432
18691
306933
255841
57367
153996
195780
270242
197221
82182
50103
174623
113977
253022
231880
8218
78543
300753
13526
203921
205050
171559
264558
114256
281325
240258
310369
15289
276439
84861
153837
89420
63678
249965
256792
182225
122181
175676
45731
225054
315586
50691
72912
299599
266957
103407
92961
260651
264406
128611
130177
30623
150781
63359
282725
265063
121861
225559
33080
159445
297906
85476
38469
239569
194461
116116
67368
116650
254189
99465
142832
318673
87120
164897
224846
72529
192658
13335
93303
260251
316189
280606
170324
241948
131429
162703
312556
77298
13583
154480
92541
79373
201587
74209
203043
110816
73573
129073
273450
246472
208481
324338
45778
69339
87605
257222
54764
97757
188555
274151
93087
63881
30080
135247
194830
231440
163284
139880
168919
222237
124741
300040
82512
312468
319432
49897
86932
246306
282842
32138
225543
77210
91201
111566
66897
312378
101119
156831
288459
286305
283633
279776
325584
186209
301115
161885
152369
225491
60891
83159
57530
66952
232657
116528
289358
20328
107678
100866
180697
108189
270509
217837
138864
181660
90205
320489
217770
73027
58783
48337
293591
15167
12287
34920
259679
113448
73662
143302
33020
233663
183832
288311
147578
273996
120918
37152
115449
261693
99562
68380
202437
185673
241385
109414
149457
324776
200908
17379
20115
225042
29168
222573
126751
223059
224800
113255
61010
316937
81582
200162
65192
214616
26773
53358
307001
162498
273922
184637
300680
252531
212368
219746
99617
316716
196587
69913
285797
1005
234737
177284
34267
70828
59575
146349
76410
230311
22563
194922
104867
187833
75338
40518
205345
212752
285517
111417
269434
130374
3632
245226
38047
22378
168622
96423
70910
151229
87602
109250
116214
255494
193438
111138
41159
253561
136694
181960
299778
195074
21832
44465
316578
117412
265681
150775
188011
241982
69793
11000
199252
283198
87370
5543
74675
269094
74043
209471
259397
306404
29053
94604
280891
206608
239244
296031
176983
273916
310951
203872
83799
282052
57463
63224
162961
65082
305340
99490
115159
80974
120348
273556
19025
128708
259243
239970
50201
311346
276526
136667
135294
14313
270506
258161
291904
96681
56354
57008
260989
128673
97335
314709
309771
98231
233203
130951
252755
179395
259330
206658
57693
161046
75737
168387
225840
4162
219899
77520
289328
31660
28178
6033
155383
56026
69895
73377
182171
138552
224967
47612
160895
56959
250210
202450
296272
37027
89525
192593
285098
311213
236261
51462
225562
309508
228123
244074
239984
65312
208074
195887
299674
118614
146299
245799
28527
27488
236530
86793
175955
59999
192315
72157
19859
176842
95015
113944
205064
189395
145870
102345
304803
262626
191617
122869
154207
209013
61696
630
322715
71967
108179
167755
11065
217990
45631
26195
50569
264269
119766
252082
43162
16146
12587
299990
312177
194324
168209
23010
219743
139912
200039
12011
186584
9002
16060
52621
122244
43899
45067
163455
62812
166760
321709
33659
8824
183529
192552
117689
5205
165533
194163
106102
27315
278652
229622
147795
167260
57577
23970
200658
54058
144590
41871
161206
199936
129494
249652
127025
203932
297896
170803
312359
11141
3879
49283
38645
143105
161580
15336
43318
312505
262302
36430
111323
225907
181458
97890
105647
23820
221071
311601
215220
282560
127107
170632
121414
235457
100850
177454
149598
218519
224280
185505
141980
25114
234081
161828
262806
288921
113869
3995
162426
69364
60732
217422
44592
103025
237649
274210
266814
74009
4369
40965
287581
247538
155297
35168
17758
12713
164180
265035
202359
403
43531
310099
243941
115549
99880
296613
257109
238492
22608
171008
238777
324086
143687
192435
27040
161091
298630
165410
124041
226760
90965
269250
39438
46449
192479
246450
292667
72103
265508
258064
166039
35318
34091
114558
268066
313332
224902
137852
89273
306898
69934
240552
238906
38453
160923
262975
218303
204116
199617
200736
151988
30118
266741
160540
236256
144551
316910
2588
115753
323120
202991
305406
185277
103450
136152
32100
294991
277298
85788
313859
102635
6880
128104
7975
255698
90186
134212
201472
207438
153467
148244
251296
252111
222514
306082
212043
73855
174746
61601
80197
29708
254297
40154
87933
102881
47997
307592
189259
4713
302424
77642
110721
44099
320215
302984
63843
315353
10049
130178
185769
41266
147136
52733
201728
232112
261709
199033
244871
98627
292283
181754
293178
40733
276864
1159
31844
174540
153648
231512
92034
67660
311862
24579
82032
244850
32886
147792
313187
225290
293189
143463
166096
64320
215440
85358
50967
257175
140528
126537
274063
93229
69794
307078
267035
270517
8300
105793
89333
318015
68836
123245
297345
57087
68609
279710
211811
194209
128051
63078
230159
231900
181411
56315
144652
172022
29260
216250
149557
74694
166870
45889
292726
4450
31132
193045
293677
319504
309628
298323
188336
228379
188243
38172
43395
138746
116308
271413
104277
299269
219183
161101
34008
115627
197991
166653
60012
155767
302455
76130
242285
62962
265861
42036
71633
32845
204345
20492
83861
38595
174393
319241
35841
152488
243077
94137
285474
159976
36365
36480
295889
186495
66181
288857
161028
106334
182938
278693
144863
35180
260281
204508
261554
404
235256
83789
283021
106076
82628
163282
104641
233475
309631
320077
45123
267971
96550
264668
214179
64453
126679
107528
148073
189857
271492
173822
298095
278157
257265
100575
101586
186895
106021
263001
40052
184049
229315
18654
115154
136046
247848
65043
219992
182563
11945
80863
268891
202486
293018
14458
35920
84477
60704
104229
233863
156853
235624
221696
595
240853
9850
256625
44470
2686
94959
304552
46920
26028
32992
76927
187736
165103
248104
115788
39184
157243
193804
221660
194470
112643
315839
61653
157039
294578
74994
319275
149028
99010
321858
37657
46465
164853
159630
217294
3998
128398
196382
161910
81824
58703
128343
265926
117230
77187
269108
20145
269212
307529
236128
204818
226611
232173
107599
266238
203562
29462
188087
208357
135992
112728
309747
49679
173377
48025
293639
41194
217565
53911
73249
186414
303095
255205
319622
170724
90638
271702
155055
136706
188936
216710
47833
199300
116183
214242
196832
154036
231178
23999
288631
10726
55992
66115
318560
207783
150330
2190
47780
32111
309791
197715
169859
121365
232671
169995
317824
302673
210400
8882
19350
