1052
2432
2839
2945
4332
2467
1770
160
2827
2847
3190
2532
28
4040
828
301
2031
3476
3714
3122
4718
4238
2924
1448
856
2927
3010
2650
3277
2441
2663
2258
841
3955
2656
1332
2829
4973
878
3058
3735
2862
2573
209
3385
2653
4762
1755
4603
2502
3652
2675
5170
2997
2728
388
1014
968
4046
1564
3207
415
1722
4913
1565
313
4305
4475
2808
3239
4775
4437
2693
1752
3533
3218
4248
3937
2314
4655
4782
4541
4249
86
1050
2783
2999
4195
2875
3324
3503
932
2665
4689
491
863
329
1274
3795
2036
2075
3219
2
2900
4909
4780
2871
79
4214
1495
2612
2533
258
1390
3502
2144
4000
2245
3390
2575
4917
861
991
1737
1201
2882
1317
4865
942
3623
3355
3554
747
4001
916
1935
3246
3319
964
4338
3706
4329
1205
4630
860
2293
4388
3703
3860
4597
2952
2158
2351
2422
5018
2673
4420
4832
1115
2553
3394
2297
825
2059
2539
2244
3287
1831
893
439
2977
2496
1598
5153
3724
1802
3542
2230
3294
1095
2492
381
4873
4869
4247
1943
169
4841
40
1754
912
1810
1169
4884
1950
5013
2594
3906
3479
4558
16
5095
4864
534
4250
1836
3387
2680
3974
1306
3991
5148
4938
4777
275
3801
1678
1291
276
896
1232
2157
1701
1207
620
582
4136
5219
833
4814
3340
692
2447
1167
4148
1618
5150
134
2697
4590
4687
2591
1121
1295
3366
3828
243
3508
5038
202
1075
1410
611
3715
5043
1637
3727
1748
2399
590
3498
3594
4153
1192
855
5117
1958
660
4806
3951
1183
1745
5052
1158
1043
2099
58
1904
3217
4370
4911
2759
1101
3567
2679
410
3650
2647
3265
392
4644
125
4532
2630
803
616
994
132
4860
191
4859
4399
2219
911
211
4255
842
1857
838
1098
633
5191
305
984
3168
1250
2238
4372
2644
508
2468
2906
2311
5184
2047
1610
758
3977
2286
3044
4693
868
972
3528
2040
831
4021
1974
2785
1628
4765
4763
5031
2993
3000
1938
3702
1419
4704
610
1177
5138
4868
4155
3538
4888
2461
3631
1592
677
3855
1397
4028
4676
654
3628
2765
5015
2777
3186
2576
3034
1376
450
2014
2444
3227
1579
4943
4554
185
903
1741
2926
3825
5231
4702
640
1544
2824
1081
918
3128
3399
440
2569
4641
791
2558
2442
2064
1356
384
608
3793
238
2769
2819
2459
2418
553
26
3723
1784
2815
3453
4559
4274
4510
1622
3318
3822
1040
3311
3845
4852
1740
5081
3893
4058
2698
2108
2289
2371
3336
146
895
1204
4898
687
5160
3116
686
3245
1478
1363
4431
2007
4019
3670
2231
2032
1307
850
82
3191
3985
5226
3944
2577
3885
486
4866
1510
433
573
618
3709
2335
4785
2743
591
1772
1923
1161
1078
4904
4080
4032
4677
3310
3605
4151
656
174
586
1440
1808
5210
476
3787
1858
3887
1964
3225
2668
111
944
3334
4682
5005
572
830
116
3912
4138
2911
5235
1859
2321
3786
908
2202
3678
4468
5032
2637
4446
129
4006
3094
4801
3323
1955
790
1939
2528
3206
5014
3629
5230
3571
2664
3368
4640
4716
2640
4989
4017
996
1021
232
1412
3042
2408
3989
431
3057
5176
1639
1641
805
1928
3530
1277
3061
1145
2090
3737
4095
2281
3023
2711
1195
4983
52
3832
2527
2771
1670
4791
2193
3649
752
2159
3986
1133
511
726
3256
3301
807
845
3261
152
2590
5087
2937
4015
376
3965
4793
2195
1580
286
3306
2477
1422
4315
5100
3862
3255
2582
4457
2753
948
905
4171
2629
3102
3037
2045
3582
1787
664
1979
3096
39
3232
924
3362
2565
3896
862
3460
3174
2348
685
1971
5218
4987
2191
1369
1441
99
884
4386
2747
1854
2774
3351
4885
2515
3595
245
1552
2350
1556
4137
2094
2733
1006
1193
2379
3710
3073
4334
1320
1557
1022
1760
5147
4732
2702
5039
2095
4473
3108
1421
3349
1728
3482
3695
269
2083
1282
3289
4355
1414
4999
5099
897
4074
1563
3866
4817
1605
4713
1458
248
2068
4327
3531
4164
2832
2417
1361
1072
2266
2261
1535
2519
4112
189
548
5076
5152
3216
1729
3254
2429
214
2792
3364
3823
4636
4851
3247
380
4844
3549
2375
162
4829
2713
649
3504
2716
1829
2416
3478
4013
4501
4519
1771
2054
4803
203
3298
5022
1844
4639
2886
3780
2837
4326
4507
2386
2981
1057
4544
3223
4516
2439
570
497
1995
3155
4328
2801
386
3969
4612
3816
4192
5225
3065
4741
4653
1866
1894
429
3103
3177
5105
3098
4394
2863
3271
342
1338
4512
204
1584
3496
4652
4952
4391
3995
207
3997
1554
1481
4528
3968
627
2339
1491
4154
814
2694
347
4683
4226
967
397
3935
2011
4385
1434
3312
1037
755
1059
3913
3558
4035
5211
4549
2778
655
4307
1824
4560
1783
3754
722
1723
3150
4223
1747
3158
3667
83
581
705
4511
2546
3077
4650
4853
3556
1877
460
4378
4837
3196
1614
3015
1246
5017
3820
1398
4365
4411
4620
647
4508
3127
27
3807
3675
3981
428
4368
377
4970
2857
1604
812
1211
622
580
338
3802
2425
1926
4121
4408
1530
892
23
2282
1994
1404
2292
750
2941
1399
2243
290
4101
4167
934
3237
701
820
597
1512
4833
3489
4439
1140
2178
4824
797
1815
1170
1107
441
1400
3742
4012
3106
935
1945
4807
3956
1589
3941
2812
2079
296
1930
3792
4575
4377
3541
2070
2446
3999
1705
394
1416
3295
3874
1519
5075
4410
3032
2362
1730
364
4417
723
5143
1010
2710
3852
492
643
1442
880
4914
2253
3063
4356
2895
536
1046
2609
2097
2717
648
1335
2078
2168
233
1263
1689
1380
1269
3367
2026
4314
1496
5179
5145
3354
4752
445
4615
2113
801
5037
1436
453
4907
399
443
4263
1758
4436
2866
529
3746
1517
3809
287
2982
2992
363
3347
2123
1468
3591
1855
2192
2164
422
680
1672
1800
4739
3745
4208
1602
2685
3264
4735
1677
3456
3980
3209
3236
2562
1102
4887
1035
4822
2145
5209
931
1266
3739
1024
180
4350
3269
3126
4450
2497
4751
3960
164
3356
4893
1782
4916
609
2661
5073
3925
2187
5003
5233
4647
5161
629
1751
3379
3931
2874
1645
3949
4651
1919
1231
4488
240
241
3369
459
2662
385
295
552
4291
986
3905
5050
3693
3540
4542
1765
3381
4403
462
5004
4430
2368
3304
5007
1371
1190
1180
4484
1002
112
1129
2085
3544
2677
3350
1925
4553
1912
3833
1438
3007
182
2046
3622
3441
1954
3331
5238
1967
5158
2501
5085
960
3806
891
3911
3275
2052
521
2707
3054
1719
1906
1656
2554
4627
2411
4
3303
2883
3491
4690
854
260
2888
5178
3902
1864
4191
1814
4156
4891
2290
1910
786
871
1036
51
1415
2135
3337
2197
2658
4871
4579
163
3452
5229
4759
4658
4072
3361
4608
97
4111
4514
4571
2305
2395
2332
4472
2104
4699
3564
3292
4342
1272
3757
201
4160
4703
772
92
5077
997
334
154
3720
2322
3060
2879
1647
4077
4772
2491
3946
3853
2626
1321
1018
2578
59
2232
417
1131
3338
3923
1354
2061
353
4939
526
1529
4251
1492
4221
2814
3569
2308
124
4188
4789
1420
1426
2272
1331
518
3764
3290
3424
1690
3363
848
657
294
1795
1583
2173
733
4039
3993
332
4634
4448
2182
206
326
1430
3573
4168
550
3283
4624
5200
2174
2042
2405
821
1707
3681
4915
3423
3736
3762
1780
4241
929
2949
2516
4490
3838
644
107
2222
2788
3886
867
316
1009
917
423
4331
1068
3117
3644
4451
688
3901
4638
4912
1508
2252
3971
2914
7
5057
4232
130
3945
3458
1997
3560
3291
2336
665
3136
2947
3388
5236
1727
1776
3187
1265
1339
3884
4698
1008
4948
1631
4666
2397
4275
1881
5131
939
697
2745
2324
2536
1959
3687
387
1244
1972
2276
2487
4797
5227
4201
3789
3730
1120
221
1150
2686
963
2240
2015
4310
3692
4178
1229
3632
1038
1382
4088
4270
3317
3660
2639
1188
4953
787
4351
742
2621
1359
1713
3425
728
3500
3028
1427
5139
947
4235
3146
1872
302
2033
3040
902
1793
4346
304
2676
3917
965
510
2953
3718
756
165
3774
239
103
564
432
2624
2720
2138
5010
684
3880
4225
2372
1561
1173
4889
1330
2695
2251
1617
3487
3904
3609
2489
4875
1182
907
88
4337
1286
456
4374
382
2278
3391
1597
3234
1344
4602
1545
512
933
216
3230
3808
840
2002
1197
4418
3966
885
3994
1171
5114
3137
2672
484
5202
937
969
771
1212
3048
2760
2951
3384
796
2254
5041
2689
3691
4119
1189
1459
2967
4661
4623
4397
4405
5208
4179
4069
4244
3790
2176
1669
853
3321
2458
4786
3012
293
2809
1833
1500
5063
4230
2567
3038
5201
4504
2474
3519
4656
496
2889
2326
1234
3618
1546
3964
2062
3372
2006
4027
3505
4663
2414
1534
1152
3576
4701
179
3062
472
1210
4492
102
4145
2869
632
4743
3393
2789
1733
4800
4669
5021
1444
62
943
2239
4547
1298
2028
2149
1208
3208
3920
4279
1281
4538
1311
2598
81
3445
4261
4210
2355
89
299
4402
1984
3378
3107
217
2746
4442
1387
5091
2758
481
589
3226
4052
751
2902
2096
489
4367
3758
4181
5086
1258
1851
2948
2643
3175
264
1724
5002
1479
4272
4026
3673
681
2177
3690
1852
2069
5221
2731
4919
4014
938
3001
2269
5135
4098
2073
5164
2830
765
4398
1313
674
2172
1497
2246
282
2161
3485
5064
1792
954
4189
711
4882
4063
3798
1883
4229
4176
2359
2376
4392
4296
4425
210
37
448
2270
2051
3716
2896
2295
5080
4037
2343
265
372
2277
2579
5215
2946
1779
3888
212
1957
4325
2387
2482
1847
3243
1553
343
4546
292
2428
3813
4271
3068
2560
4406
556
1749
434
2524
4692
2233
2142
1142
5026
4387
1007
3614
1531
920
5188
2443
2915
2509
3597
1812
3490
576
3235
1045
1260
272
1185
452
1905
2602
1214
1375
1875
879
1123
1898
3915
145
4357
1433
2065
4379
2198
653
2843
1685
2525
4259
4723
3309
2488
413
5205
800
2586
4533
4555
1963
21
325
4685
676
2749
3653
4744
4276
2611
779
4082
3548
213
2263
4740
1029
1017
263
1308
4673
4029
2105
2537
614
524
2340
623
4678
3403
196
1940
1389
872
4815
1065
2342
1296
1147
151
8
3462
1633
1425
3752
4185
2147
3111
813
4500
3516
3794
4840
2721
617
4631
50
3481
2750
3815
4599
663
1841
3398
1135
1097
2816
122
1590
2555
135
494
277
3876
2856
522
3093
1156
992
3589
333
2440
1990
4901
2835
1686
4611
438
4958
2520
783
3520
200
406
2437
4124
1908
4686
195
2636
1818
4635
4023
4239
2920
1278
1682
1366
579
172
3851
2010
1273
1196
5192
4194
1609
1159
3749
4433
395
3365
4576
1411
1570
2127
1667
2876
155
2004
3086
3878
3601
2671
4784
3961
215
1558
4645
2917
4165
3722
161
5151
1721
1532
5133
2571
1762
3602
3113
532
4038
2476
5097
2511
2735
3183
3203
327
4323
1439
3305
1921
131
3510
1235
3698
4778
599
4330
2391
2701
1289
1937
2787
4694
827
1134
1594
707
3655
4799
2851
1767
1293
4499
60
2421
2196
3231
3315
3406
1219
3705
2960
2596
4711
3444
1627
1607
2209
910
4834
3020
694
3863
3619
1879
2884
1835
1856
1505
1000
1474
2974
336
4643
271
5106
4981
2538
901
585
4921
4899
3402
2779
2361
1069
3546
1469
2922
5020
360
2508
2307
4030
2969
883
4714
773
1936
3713
4591
4720
1119
2471
328
978
5044
4926
2490
1386
1863
3267
2140
2852
4897
1352
3033
3804
2928
4881
3322
2255
995
1112
809
409
137
5204
1650
4380
1621
503
3532
3142
5112
2648
3397
3443
4708
3803
639
962
3750
1973
4684
3299
3909
1588
601
5181
4855
1978
1743
1060
1932
3545
4236
442
533
4956
2331
219
3837
109
1374
2211
1744
4233
4454
3765
2485
3278
3934
2872
1965
3555
2409
4345
3616
4234
1454
3895
2156
312
2678
3773
3011
717
2304
4945
3561
5069
2455
1504
471
1486
1349
3943
1901
1428
1591
1319
3114
546
1657
2910
2898
2892
2271
34
989
4551
1058
2840
1927
5212
3329
4447
3929
3657
4215
1817
2794
2985
691
3339
2938
49
5183
3551
569
2074
2826
562
1869
822
1886
5240
3153
20
2216
3990
5228
3353
479
1476
3599
2802
2894
2734
3846
3049
1243
3139
3090
2464
451
3645
2384
349
2913
2063
3784
4969
3119
3712
1934
3791
2517
4254
2259
5008
628
4823
3281
5104
2456
1368
915
808
4075
2131
1821
393
3731
1220
4503
2600
1245
3483
3050
369
3455
4352
1596
1763
4495
3343
340
2864
849
4854
3178
225
3566
1661
724
1867
4363
5113
1845
4354
4995
3577
3617
2354
1488
4123
458
2899
477
3004
3449
2364
4091
1502
3988
5029
1916
1064
341
1048
2838
1636
2329
2550
2363
4042
4802
1983
187
2300
4054
1599
559
1089
3647
4856
3145
303
3856
29
4242
3435
4879
2126
367
3641
4965
3279
2320
3515
1447
4009
9
1255
3509
1665
4697
418
4313
5053
1676
3916
952
679
1455
1299
1054
2169
4609
4936
4966
1603
671
5173
2722
4479
4616
3374
3064
3976
3259
2101
2229
2358
2285
1692
4140
4594
1090
4993
1980
889
1391
1642
3621
886
4428
2318
4149
5187
836
2751
4971
5174
3492
977
4163
3161
346
2617
1640
1635
3132
3634
2506
1953
2410
5093
4768
4369
1498
3537
4670
1861
4790
3962
1987
2635
4299
3314
2430
2175
2242
1548
2865
4754
2907
4206
2507
2117
804
127
4552
279
3470
3521
1122
2218
900
4849
2859
3575
1794
1113
1537
1778
1895
3947
2505
4574
2203
672
447
2367
3717
4083
1956
881
254
3870
588
3857
3436
4193
3472
4933
65
2530
267
1702
799
1209
2622
2472
36
2214
4795
2143
3135
3574
2942
4619
3045
3506
1986
2944
2341
4298
2241
1746
1049
584
1453
4530
3517
5154
1247
4998
4637
3512
2855
1846
4562
1999
5079
1345
2226
2330
1285
3769
925
2834
3898
1663
4128
2154
2200
2106
3082
2431
4928
3016
2798
557
2199
940
1044
1160
1717
1383
4863
795
4132
2388
2878
4359
3732
1870
3501
4731
4266
4940
2465
2227
1777
3676
4771
1218
4798
1809
3293
3202
604
2646
3662
1466
114
3480
4700
2427
613
1417
3526
4605
4924
430
5194
624
3288
3123
4487
4220
5165
2813
2592
4477
2325
4284
2110
1176
2585
4589
4572
3800
3459
2288
1634
2903
4725
4595
4781
1947
792
1509
4008
4906
630
2366
2057
3468
3346
2495
4081
987
1432
1550
2091
1526
5121
5198
818
2980
642
3821
2732
3890
3101
2347
2357
3797
2518
1106
3199
3134
4569
4200
746
4289
1105
1310
945
1077
3830
3741
5
1681
2940
2566
2880
2224
3466
3987
3708
1574
2925
2420
3892
1944
1962
1194
3272
4087
1227
1731
2557
1885
4975
3138
1587
1759
43
2024
1820
2770
3386
1575
4466
1804
1949
2217
2213
2551
4400
3958
2248
2000
4565
2475
2715
4070
583
3439
4664
3352
77
864
1989
2403
720
3200
1128
4660
2574
3847
4845
403
2448
1773
3214
693
1396
4710
3215
3003
1547
741
345
4034
651
288
4734
2302
3179
4593
4482
1039
4480
2541
2038
571
1127
3814
1738
2943
936
2521
2904
490
3360
689
1658
3979
1848
144
1714
3110
3014
3759
101
1026
4150
4737
141
2763
857
4109
4918
3193
1485
4441
1221
4984
2116
1287
4478
3471
3600
2212
1680
2800
798
1687
4196
1871
227
4747
3268
2146
575
352
626
14
4954
226
1355
2634
2450
606
1124
1116
670
1126
1464
190
1125
3241
1181
4360
4792
3972
4923
3488
2570
256
1896
982
3579
3383
2280
734
625
4489
1206
2207
95
2021
4979
4341
45
3719
4093
3604
1616
3659
3427
2087
2739
659
2987
4440
3938
1811
5144
3104
4471
56
3867
5074
2547
5159
4005
509
4604
257
4375
2102
2845
3382
3669
323
1849
4764
3578
3419
1775
3783
4267
4308
5030
1283
1521
1241
4581
156
976
223
3514
2265
281
1405
2752
4393
4213
159
1085
729
493
946
61
3250
157
5141
4515
4470
1362
515
421
3534
2954
229
1473
1630
3586
817
596
3975
2825
4598
2234
3270
435
3587
1823
4753
4783
1961
2415
306
5172
834
4278
1005
4880
4373
3584
810
4513
1025
3079
3707
1163
2349
519
2984
4481
3743
4811
3412
2310
4245
2494
1789
4286
2822
3067
3835
2373
4944
3738
4309
3572
4761
712
3118
4382
5089
4959
2744
4264
3089
4306
1334
4422
5055
1367
3642
350
3656
5011
3055
3919
539
1601
3115
2139
2595
2109
2323
1302
31
5199
1117
1842
3682
3661
5001
5047
540
4158
1668
4024
318
2764
355
324
2756
4950
5155
547
3776
1582
2120
2599
2741
4067
5094
3201
4695
1033
1700
4246
3805
2220
3883
1364
1911
2833
778
170
638
2616
3002
3826
3755
5019
713
1513
2667
888
2283
2935
1406
140
3021
4217
2804
4626
4722
5119
4988
1099
405
4240
1230
843
4483
3328
4018
1001
2194
3796
4347
4421
2067
2929
251
2625
4586
3260
1109
3194
2782
5065
4096
715
4453
704
1522
5206
4162
2719
527
3316
696
1259
1493
762
3570
4429
222
1865
1154
2053
1451
2881
192
3543
4578
457
4243
390
1541
3637
646
25
1969
2580
1032
2932
873
2652
4320
5169
1275
2478
3088
2151
469
1271
3313
5196
1691
1860
2055
4438
1462
718
4228
331
3008
5025
1174
4105
48
3640
542
1572
1483
3959
1697
4818
3596
1876
3868
774
595
2423
4131
738
4344
2784
4657
1249
2027
351
839
2548
2793
2407
3849
4078
760
2313
847
1791
2412
2005
2009
2124
5024
2296
1753
2260
1827
1518
700
869
2500
1888
955
3700
106
3457
2436
138
3685
1223
1615
1178
2607
3704
5241
3869
4726
64
38
3422
1139
1525
362
2058
2709
1889
4730
4033
2682
2660
4302
2112
466
5128
2466
1385
5232
4025
3588
4461
4667
2001
4827
4862
72
420
3148
3029
2936
759
4022
4043
4848
2561
3665
3431
3147
4903
866
3160
412
2256
261
311
669
3410
3205
2780
2998
2081
2642
958
4900
2299
33
411
1082
1922
1452
5009
424
1654
2776
3529
748
950
5220
1643
3121
168
4413
3173
91
4227
291
3024
826
2544
1805
1653
4564
3022
3109
3781
754
2706
2225
2684
337
198
4982
941
2317
2401
266
3228
1666
3936
4416
4463
500
5149
3342
4199
4607
4902
55
959
4526
4550
4826
3221
4779
205
2873
3921
2153
514
3897
721
1716
4455
3552
2670
4317
505
3939
537
1756
475
1172
455
1104
766
2766
4277
3525
1304
930
909
3171
2564
1301
1523
3583
4485
366
70
2681
3563
1472
4545
501
2385
631
5067
2337
3421
3420
314
1568
4963
2649
3811
2725
118
3156
1470
2849
1300
2188
3553
2204
2208
3030
2424
5083
3763
727
1675
1055
1536
2402
4957
3777
4280
3112
178
1786
780
3970
1801
2893
3607
183
1501
2130
2848
1822
904
957
1742
2050
121
1429
1257
999
1819
1880
4755
2613
3768
2559
3524
1515
1461
1520
1013
3220
1093
2092
1660
3611
703
2257
2469
1840
1328
4086
2632
1951
15
1083
5162
2858
2806
1233
1671
2620
2294
837
4294
4910
4857
4133
2805
4184
280
4986
5066
1703
530
3407
2141
1377
2821
4212
3204
5180
2171
3430
3767
698
4401
2392
1346
3679
4812
2344
5125
4011
1683
549
1341
4301
1920
259
4886
5223
2817
3091
57
4877
2155
4107
1542
4209
3084
2107
4567
2799
2291
4520
709
1891
2369
2111
1577
3859
2503
2552
3643
4198
176
682
3954
4103
507
1114
4041
1487
4061
2700
2615
1240
3380
4821
3141
307
2962
4300
4219
2836
1578
1573
4531
4383
1606
3344
2623
5023
3841
683
5062
1585
2486
1709
4577
3580
4089
769
1042
230
1511
1270
3332
4600
3831
4007
953
4366
5109
1968
3149
2084
2378
158
2298
3683
3263
1168
4172
4207
1312
4297
133
1394
4122
2165
3140
3046
2301
4618
1401
1600
1674
4318
1324
4850
1828
811
3411
12
4517
2400
3198
1027
1524
504
4767
3229
54
1843
4319
3085
4269
3486
1946
2183
5059
3258
2185
4371
567
2462
4085
1023
2132
2048
2025
321
4224
3463
3535
4606
2180
1555
2365
1764
607
3696
1516
224
3099
3829
300
354
1917
3978
1228
2714
4929
1329
2360
2128
1041
1998
1832
2328
1893
4960
3197
3740
634
5122
1379
1224
1706
4892
592
3963
1576
3593
3401
4941
2844
427
126
2008
4252
4770
2772
408
2284
322
3872
1882
76
3779
1586
3674
3018
2523
1084
1684
4486
1533
35
4582
2631
120
2691
535
1360
3408
2970
3952
2540
4537
315
1988
3612
4282
3080
4287
4719
4610
1559
2264
379
2250
3144
4262
108
928
4258
2380
100
3059
3654
2606
4476
3213
401
4073
3871
3433
675
4934
835
3842
3180
1924
846
2020
1549
3753
2453
1897
1482
4211
236
4066
2454
3274
2098
2071
1688
4290
2930
335
2181
3076
2699
2690
465
1337
3151
2683
2179
4045
3782
1031
4102
1952
488
2526
2463
859
3300
150
1966
1456
890
1327
2043
4016
2103
357
4216
4584
2563
4733
105
1868
2377
3894
1909
1030
3105
2237
985
2100
2995
3942
2724
1624
5045
1543
2484
309
3772
1137
193
3810
4665
4556
923
1878
407
1646
4493
3450
732
3910
3056
2398
2396
4358
2382
98
2831
4587
3984
894
2959
3053
283
2041
2481
2986
1284
4804
2618
1264
743
480
2712
1413
3019
3495
2983
4407
4662
4905
706
4681
4395
2133
3922
4146
483
3152
4222
3026
4717
175
6
1798
1088
2316
3395
1644
4794
1309
365
2529
1251
1056
2499
517
844
2846
2654
4947
753
4675
1807
398
1280
147
4974
2581
3072
2460
1094
66
3613
5129
3357
3699
2934
1003
2023
4932
3598
3233
4518
3039
541
3861
5090
3172
2166
4469
3907
419
1467
1976
2338
2853
600
473
4758
2963
4283
3286
1393
2228
2842
852
3469
5000
3448
44
142
2891
1664
506
4539
1996
2861
788
899
3262
4339
2803
4474
319
3129
4293
1253
4144
851
2990
4585
5216
4316
767
474
4462
4524
4629
4426
3025
4705
2795
1595
971
1153
2973
594
444
2583
2823
4964
3447
4170
3751
317
2704
3418
922
4090
605
80
3760
1149
235
2964
3359
1326
4404
1914
4729
2916
2353
5186
4340
2975
368
1732
4335
5197
1907
4502
3900
208
1279
3070
4048
2614
1091
1141
3536
2345
1130
391
3164
1103
2762
4059
3626
1409
3630
2167
4049
2810
2742
3069
1402
3522
2483
1408
4423
4796
2687
1708
478
449
1850
4642
3181
3
3858
1437
3417
4076
1834
3694
3648
4051
2841
2333
3296
228
1076
2867
3405
1350
348
4304
1384
90
2657
1256
3610
667
3326
2125
5124
4065
4680
970
3238
2961
1785
3212
5054
4257
578
1424
356
4861
1698
4561
4349
3392
4773
4152
4935
3817
3464
3416
2221
566
3078
4820
2568
4449
5185
2435
2034
993
2334
3087
1715
636
4141
1217
4135
4459
1465
1019
4494
3345
1970
4843
1062
4724
4292
4079
3308
3327
4819
4285
1625
3903
1679
785
4129
2549
2818
3188
927
802
3839
47
3518
1768
513
4114
737
247
3182
3474
806
3242
231
188
1982
4977
2352
1239
1268
1079
63
3663
2389
1144
621
3284
740
876
3812
593
2119
1143
1213
1494
3711
1735
4260
1071
1087
1155
4498
4774
3680
2451
4321
69
2994
4727
4187
794
983
520
3932
2604
5239
4991
2768
2077
4787
1136
1323
2267
278
4688
603
1184
467
2692
5203
400
1370
53
4583
2755
3568
815
3165
1538
1915
1318
1015
5036
3778
1020
2796
635
3721
2696
3211
1110
4617
218
695
598
4343
0
167
2659
1566
1303
2908
1388
4218
3400
4353
990
3494
4173
2163
789
2976
5048
555
3017
612
1659
4183
4056
4414
148
745
3240
2383
5088
716
252
2767
117
149
2545
615
1315
2452
3409
2249
4288
1652
1290
78
4003
558
4788
3192
3550
2705
3484
2708
2247
416
268
719
966
3376
1718
877
1874
1200
870
2303
4004
4810
2781
1238
975
3664
3371
4980
4625
4412
887
3899
4748
242
2726
1340
96
1726
3684
4654
4333
1373
1890
143
4050
3124
3031
3615
1806
4336
4522
1796
499
370
3440
882
1638
1902
3071
2236
1333
2434
1225
3590
1662
1431
3948
2587
1696
2150
3635
2870
2543
2605
3251
4186
2122
731
4985
739
378
2080
4927
2727
2761
2114
1673
136
2457
3429
1489
4169
4674
3562
485
4031
3348
5068
775
4419
3320
4745
2965
3167
454
1507
3930
3726
2056
5189
375
1626
4060
2381
2786
2958
3426
898
3052
4268
4994
4444
3013
4573
246
4464
561
662
3834
3658
5035
4596
2470
4002
2593
1165
4691
2918
2404
761
874
4757
525
1070
2035
4303
1092
1138
3325
3908
3840
1620
115
4295
4839
2572
981
4053
5130
502
2438
2394
1074
3074
3222
2370
2013
1294
1648
2287
2390
4628
5222
5072
2807
710
4968
2603
3120
1407
4139
823
4204
3677
2274
1351
4020
4166
2473
3606
171
708
1248
1164
3454
1067
2850
2956
5171
3375
2608
3733
46
1463
1887
1381
1395
2669
2309
186
2542
1830
2919
4876
3854
5123
919
4997
1593
921
2215
3035
824
1619
2205
4883
4878
1051
4613
237
4265
3850
3266
3125
3467
1774
3442
75
3992
199
2988
3877
1506
1797
2513
4836
4967
128
3686
3157
3253
619
1931
4256
3756
3451
2493
3788
602
4946
2723
320
4920
4709
1203
2049
42
5140
2627
4521
1720
528
3333
1151
5060
4143
1710
461
4842
2989
2093
2082
574
2773
3166
3210
3957
4535
4104
4118
5084
2072
735
4147
67
725
4668
2797
1202
1316
4548
2162
2638
4978
2933
658
4117
404
666
749
4931
2413
4746
4534
4649
2273
3608
3881
4895
5120
4434
3603
650
1198
2262
4557
487
3285
4497
1108
4874
1948
777
3627
4396
3415
4525
4134
2736
2923
1736
5006
1540
4738
3043
3918
1499
3744
2955
4972
3513
1028
1186
5217
4540
3036
3633
4846
3982
1148
4237
1761
396
3477
5110
3843
5056
4467
2748
1011
3373
1314
1757
4311
4831
495
5012
4443
1254
699
1288
3824
1216
1236
544
3414
949
4113
1539
1191
4570
1357
4951
446
5070
1348
1826
1457
3511
1242
3770
3169
3848
3370
2449
554
3041
4896
3475
482
4142
2828
2419
2775
3844
30
1933
4588
4828
4769
4159
2186
2121
4942
3189
463
5061
166
2356
5107
3865
3827
4126
1132
110
1527
3185
5092
4062
4908
3625
673
4064
2584
2060
4182
1825
3672
3075
2327
3785
2088
2655
1739
1418
3689
4496
3636
2890
2909
3819
94
123
587
5040
1199
3592
234
3244
4962
973
4116
3775
1694
414
2504
3882
1853
4491
1918
273
3729
4047
2738
5146
3095
1803
768
1569
568
858
1392
781
2610
2037
1993
4601
4130
2534
5046
641
5134
3083
2210
4672
2979
1305
4890
68
4010
5082
1551
3651
1047
1899
4825
5224
84
2972
1788
3761
32
4870
4766
956
906
1711
1347
22
4177
3280
1267
4728
3027
5049
297
250
3527
5033
988
374
1991
3914
3006
3697
4696
2089
3130
5058
3438
3066
3725
2115
4990
3799
1063
1613
426
2737
289
2921
1073
3005
3097
3377
3009
1297
5157
4452
2066
4458
4435
4847
93
1992
5078
3864
4721
1734
1477
998
1146
4646
1175
4197
951
2666
4563
41
2950
819
5016
1873
4894
361
4949
1004
113
1358
2877
5142
253
3297
1712
3051
1336
2148
4100
3341
5234
4361
330
4509
2589
4376
1981
425
2152
3446
1262
4409
3330
1475
3875
184
71
763
1837
4632
690
19
4712
5168
1066
2971
4736
2641
4742
2931
4648
4465
3047
4125
2791
5108
538
829
1484
4580
1292
2189
757
2201
139
5027
4127
1372
764
310
197
3539
1514
4679
2887
516
1695
2674
4976
832
3389
1503
1423
262
4527
2223
2268
73
4715
1929
3133
3624
1699
4190
2535
1449
2729
5096
4813
1632
1187
4097
1884
2012
4055
389
1977
2044
1365
2790
3335
2912
914
2003
1838
1276
3996
5101
4174
4750
2860
4175
3224
2206
2017
181
1471
436
4424
104
980
3998
1100
4115
531
4456
1985
4937
4460
2374
1012
793
1571
3195
1342
1704
2556
3100
2754
1629
4838
5132
2811
926
2279
2703
4659
1725
2957
3413
4867
1562
1222
1179
2512
4505
2885
3701
1941
4205
3940
913
4760
4568
1913
551
4506
5127
4633
87
2170
5195
678
4756
4099
3688
3983
3507
285
3184
2628
3585
4671
4068
2619
2597
661
3747
17
4202
344
5118
1766
4415
1839
2160
2854
1096
1581
2184
13
1942
1649
74
652
274
284
3889
4992
5137
1903
4312
5193
4036
3092
4930
3162
1443
1061
1528
1353
5126
4805
865
4092
1612
2129
3170
744
1237
2651
4835
3928
1813
4776
3154
3668
2820
2939
2137
4816
2588
4858
4432
1608
784
5213
1162
1016
2134
4955
4529
3927
1325
3638
1034
3432
4108
2966
18
3565
4961
4614
3493
1435
3879
2076
5071
249
1166
24
577
1118
560
4543
2019
2315
5115
5237
3396
4273
2022
5102
5207
5028
3163
2601
1
220
4203
3933
1080
1343
4362
3818
1157
2029
3437
5163
437
4621
4389
1862
1086
1111
4110
2531
2039
3559
1892
2346
85
3748
1215
4749
1378
1799
2498
2905
3953
373
2306
1790
4622
3465
1611
3967
3499
4381
4071
2510
3307
5166
545
3358
255
2275
2688
5098
2479
5103
3836
4445
1651
3257
5167
3734
3666
10
668
2633
2136
119
3766
3248
4566
3950
402
153
4161
3249
359
2235
298
4872
4281
4707
2757
1261
979
4324
3771
4523
194
4057
3276
2996
1975
383
2445
11
2480
3581
1960
3302
1446
1655
4253
2968
4231
1623
3273
3557
1490
2312
776
4592
637
2901
1693
2406
2393
782
2016
5042
4536
5175
308
2730
3639
4094
2426
1450
1403
5177
3873
1226
4180
4809
270
468
1445
4830
3620
3523
4157
3497
3926
177
358
1816
3924
244
3728
3434
4106
4044
3404
498
4120
3547
563
3461
2118
714
2868
1781
2645
5182
5190
5214
4390
2718
2433
2740
2086
736
3891
1560
3252
875
4364
5156
3131
816
3973
2897
3646
1053
1900
4996
4084
961
464
5051
3159
2522
4808
543
1567
4384
4348
5136
4427
2030
5116
523
702
565
730
173
4922
1769
4706
2991
3143
3081
371
2978
3282
770
1460
645
470
4925
4322
2319
1480
1750
974
2514
3671
1322
5034
339
2018
3428
2190
3473
1252
3176
